[1, 1, 1, 1, 1, 1, 1, 1, 1, 1, 1, 1, 1, 1, 1, 1, 1, 1, 1, 1, 1, 1, 1, 1, 1, 1]
[1, 1, 1, 1, 1, 1, 1, 1, 1, 1, 1, 1, 1, 1, 1, 1, 1, 1, 1, 1, 1, 1, 1, 1, 1, 1]
[1, 1, 1, 1, 2, 2, 2, 2, 2, 2, 2, 2, 2, 2, 2, 2, 2, 2, 2, 2, 2, 2, 2, 2, 2, 2]
[1, 2, 4, 18, 103, 405, 1081, 1534, 1797, 1954, 2093, 2169, 2220, 2260, 2308, 2334, 2363, 2384, 2405, 2420, 2435, 2443, 2449, 2462, 2470, 2480]
[1, 1, 1, 1, 1, 2, 8, 52, 323, 888, 1400, 1755, 1932, 2065, 2166, 2231, 2288, 2331, 2381, 2411, 2433, 2456, 2482, 2497, 2509, 2519]
[1, 17, 106, 382, 1001, 1465, 1774, 1971, 2101, 2181, 2238, 2287, 2325, 2351, 2382, 2409, 2428, 2442, 2450, 2464, 2473, 2490, 2497, 2500, 2504, 2510]
[1, 1, 3, 20, 101, 519, 1084, 1508, 1766, 1928, 2038, 2124, 2182, 2233, 2270, 2304, 2330, 2352, 2369, 2381, 2388, 2397, 2407, 2412, 2421, 2424]
[1, 1, 1, 1, 1, 1, 1, 1, 1, 1, 1, 2, 2, 2, 3, 3, 4, 45, 123, 432, 1045, 1507, 1787, 1949, 2059, 2141]
[1, 1, 1, 2, 3, 6, 21, 102, 518, 1121, 1510, 1773, 1938, 2065, 2159, 2219, 2274, 2311, 2356, 2383, 2404, 2419, 2432, 2440, 2451, 2461]
[1, 2, 5, 82, 405, 1037, 1484, 1747, 1931, 2060, 2134, 2195, 2251, 2294, 2329, 2355, 2372, 2397, 2418, 2435, 2446, 2456, 2466, 2472, 2477, 2481]
[1, 2, 2, 4, 15, 59, 190, 705, 1272, 1633, 1849, 1991, 2106, 2174, 2238, 2276, 2305, 2326, 2342, 2360, 2376, 2390, 2409, 2420, 2430, 2441]
[1, 1, 1, 1, 1, 1, 1, 1, 1, 1, 1, 1, 1, 1, 1, 1, 1, 1, 1, 1, 1, 1, 1, 1, 1, 1]
[1, 3, 15, 105, 561, 1284, 1681, 1939, 2115, 2221, 2290, 2351, 2391, 2425, 2446, 2461, 2479, 2494, 2504, 2526, 2535, 2543, 2550, 2561, 2564, 2571]
[1, 2, 39, 142, 494, 1056, 1454, 1742, 1903, 2008, 2096, 2163, 2203, 2240, 2283, 2318, 2343, 2359, 2375, 2385, 2395, 2399, 2404, 2411, 2418, 2424]
[1, 10, 53, 242, 797, 1303, 1636, 1847, 1973, 2067, 2134, 2180, 2213, 2254, 2280, 2296, 2314, 2320, 2335, 2346, 2353, 2362, 2366, 2374, 2379, 2384]
[1, 1, 4, 10, 143, 548, 1166, 1573, 1819, 1978, 2070, 2144, 2208, 2260, 2290, 2317, 2343, 2363, 2372, 2382, 2397, 2410, 2420, 2428, 2431, 2434]
[1, 1, 1, 1, 1, 1, 1, 1, 1, 1, 1, 1, 1, 1, 1, 1, 1, 1, 1, 1, 1, 1, 1, 1, 1, 1]
[1, 1, 2, 69, 231, 729, 1330, 1669, 1888, 2002, 2102, 2177, 2234, 2268, 2304, 2329, 2355, 2374, 2383, 2392, 2402, 2411, 2420, 2429, 2435, 2441]
[1, 7, 175, 547, 1161, 1571, 1851, 2014, 2126, 2209, 2271, 2322, 2352, 2379, 2409, 2431, 2445, 2457, 2472, 2484, 2491, 2499, 2505, 2517, 2524, 2525]
[1, 1, 1, 1, 1, 1, 1, 1, 1, 1, 1, 1, 1, 1, 1, 1, 1, 1, 1, 1, 1, 1, 1, 1, 1, 1]
[1, 3, 5, 13, 53, 167, 567, 1176, 1595, 1842, 1999, 2090, 2170, 2241, 2288, 2325, 2360, 2383, 2402, 2418, 2430, 2439, 2448, 2458, 2467, 2472]
[1, 1, 1, 1, 1, 1, 1, 1, 1, 1, 1, 1, 1, 1, 1, 1, 1, 1, 1, 1, 1, 1, 1, 1, 1, 1]
[1, 1, 2, 4, 10, 54, 307, 909, 1464, 1745, 1909, 2023, 2116, 2182, 2215, 2253, 2285, 2315, 2343, 2364, 2375, 2394, 2401, 2409, 2417, 2425]
[1, 17, 118, 393, 990, 1441, 1731, 1913, 2036, 2115, 2182, 2232, 2272, 2312, 2341, 2361, 2375, 2387, 2402, 2410, 2418, 2425, 2431, 2439, 2444, 2447]
[1, 20, 65, 239, 807, 1403, 1747, 1961, 2109, 2195, 2274, 2325, 2359, 2391, 2411, 2428, 2448, 2464, 2478, 2485, 2489, 2497, 2504, 2512, 2514, 2520]
[1, 1, 1, 1, 1, 1, 1, 1, 1, 1, 1, 1, 1, 1, 1, 1, 1, 1, 1, 1, 1, 1, 1, 1, 1, 1]
[1, 1, 1, 1, 1, 1, 1, 1, 1, 1, 1, 1, 1, 1, 1, 1, 1, 1, 1, 1, 1, 1, 1, 1, 1, 1]
[1, 9, 92, 432, 1052, 1473, 1752, 1927, 2062, 2141, 2207, 2252, 2293, 2317, 2345, 2369, 2380, 2394, 2410, 2421, 2436, 2445, 2454, 2462, 2466, 2472]
[1, 2, 37, 145, 573, 1200, 1587, 1846, 2000, 2104, 2171, 2230, 2273, 2322, 2347, 2364, 2376, 2397, 2411, 2421, 2432, 2439, 2442, 2447, 2454, 2456]
[1, 1, 1, 1, 1, 1, 1, 1, 1, 1, 1, 1, 1, 1, 1, 1, 1, 1, 1, 1, 1, 1, 1, 1, 1, 1]
[1, 37, 205, 812, 1305, 1666, 1864, 1990, 2081, 2167, 2217, 2267, 2303, 2337, 2359, 2373, 2381, 2394, 2401, 2407, 2421, 2431, 2435, 2441, 2448, 2452]
[1, 2, 4, 29, 112, 540, 1120, 1552, 1798, 1953, 2064, 2147, 2207, 2249, 2285, 2318, 2352, 2370, 2386, 2401, 2413, 2425, 2438, 2449, 2458, 2465]
[1, 1, 2, 3, 28, 131, 584, 1165, 1556, 1810, 1971, 2081, 2137, 2199, 2236, 2272, 2305, 2336, 2353, 2365, 2383, 2395, 2404, 2414, 2426, 2437]
[1, 1, 1, 1, 1, 1, 1, 1, 1, 1, 1, 1, 1, 1, 1, 1, 1, 1, 1, 1, 1, 1, 1, 1, 1, 1]
[1, 1, 4, 15, 52, 398, 988, 1479, 1750, 1923, 2041, 2133, 2189, 2223, 2263, 2286, 2310, 2330, 2348, 2358, 2372, 2379, 2386, 2396, 2401, 2405]
[1, 1, 1, 1, 1, 1, 1, 1, 1, 1, 1, 1, 1, 1, 1, 1, 1, 1, 1, 1, 1, 1, 1, 1, 1, 1]
[1, 1, 1, 1, 1, 1, 1, 1, 2, 4, 36, 277, 887, 1413, 1712, 1892, 2023, 2114, 2163, 2210, 2250, 2276, 2308, 2326, 2344, 2349]
[1, 1, 1, 1, 1, 1, 1, 1, 1, 1, 1, 1, 1, 1, 1, 1, 1, 1, 1, 1, 1, 1, 1, 1, 1, 1]
[1, 1, 1, 2, 2, 2, 3, 13, 85, 249, 790, 1407, 1784, 1980, 2112, 2201, 2273, 2317, 2363, 2395, 2417, 2433, 2447, 2463, 2475, 2482]
[1, 1, 1, 2, 3, 10, 30, 152, 642, 1227, 1594, 1801, 1970, 2076, 2160, 2215, 2258, 2293, 2318, 2341, 2361, 2380, 2400, 2407, 2414, 2424]
[1, 59, 228, 720, 1289, 1656, 1881, 2021, 2115, 2176, 2228, 2278, 2317, 2342, 2366, 2395, 2420, 2436, 2450, 2461, 2471, 2481, 2488, 2496, 2502, 2508]
[1, 1, 1, 3, 46, 226, 826, 1387, 1726, 1937, 2036, 2142, 2210, 2255, 2289, 2330, 2352, 2369, 2390, 2408, 2424, 2430, 2442, 2452, 2461, 2469]
[1, 5, 68, 310, 902, 1415, 1696, 1893, 2005, 2097, 2153, 2200, 2235, 2273, 2301, 2324, 2347, 2360, 2375, 2389, 2398, 2408, 2415, 2420, 2426, 2437]
[1, 1, 1, 1, 1, 1, 1, 1, 1, 1, 1, 1, 1, 1, 1, 1, 1, 1, 1, 1, 1, 1, 1, 1, 1, 1]
[1, 2, 3, 17, 60, 337, 941, 1428, 1707, 1892, 2001, 2081, 2155, 2213, 2251, 2290, 2309, 2337, 2355, 2371, 2386, 2400, 2412, 2421, 2429, 2439]
[1, 2, 5, 15, 54, 223, 800, 1331, 1678, 1876, 2014, 2106, 2176, 2232, 2282, 2308, 2334, 2362, 2381, 2395, 2409, 2419, 2435, 2445, 2454, 2458]
[1, 1, 2, 61, 233, 811, 1416, 1740, 1957, 2103, 2199, 2261, 2308, 2349, 2379, 2415, 2439, 2454, 2469, 2478, 2484, 2489, 2497, 2506, 2510, 2519]
[1, 1, 1, 1, 2, 35, 193, 812, 1371, 1703, 1901, 2031, 2130, 2184, 2239, 2281, 2307, 2343, 2365, 2384, 2400, 2411, 2420, 2425, 2432, 2440]
[1, 1, 1, 1, 1, 1, 1, 1, 1, 1, 1, 1, 1, 1, 1, 1, 1, 1, 1, 1, 1, 1, 1, 1, 1, 1]
[1, 2, 19, 100, 450, 1007, 1465, 1752, 1930, 2045, 2137, 2203, 2256, 2294, 2325, 2352, 2371, 2391, 2407, 2412, 2417, 2425, 2438, 2443, 2447, 2456]
[1, 2, 2, 6, 15, 70, 316, 912, 1431, 1750, 1918, 2042, 2137, 2200, 2248, 2281, 2328, 2359, 2383, 2402, 2418, 2434, 2443, 2452, 2456, 2460]
[1, 3, 9, 44, 150, 541, 1131, 1537, 1771, 1916, 2021, 2105, 2168, 2209, 2242, 2268, 2295, 2312, 2329, 2347, 2358, 2368, 2377, 2386, 2390, 2395]
[1, 6, 69, 362, 865, 1321, 1623, 1805, 1952, 2038, 2105, 2154, 2198, 2237, 2254, 2268, 2290, 2305, 2317, 2332, 2347, 2354, 2363, 2369, 2375, 2380]
[1, 3, 51, 231, 733, 1285, 1626, 1835, 1981, 2089, 2161, 2208, 2255, 2289, 2321, 2340, 2360, 2375, 2388, 2398, 2405, 2410, 2416, 2423, 2428, 2431]
[1, 1, 1, 1, 2, 8, 36, 173, 543, 1213, 1632, 1846, 2006, 2097, 2195, 2243, 2290, 2330, 2353, 2373, 2392, 2406, 2422, 2439, 2451, 2463]
[1, 9, 78, 367, 919, 1409, 1712, 1889, 2023, 2092, 2168, 2208, 2258, 2289, 2311, 2329, 2350, 2368, 2383, 2392, 2404, 2407, 2416, 2426, 2432, 2435]
[1, 1, 1, 1, 1, 1, 1, 1, 1, 1, 1, 2, 3, 15, 56, 260, 815, 1407, 1720, 1922, 2063, 2153, 2210, 2249, 2292, 2318]
[1, 1, 1, 1, 2, 2, 2, 3, 3, 3, 3, 4, 8, 74, 245, 738, 1288, 1602, 1835, 1965, 2067, 2156, 2202, 2234, 2270, 2293]
[1, 1, 1, 1, 1, 1, 1, 1, 1, 1, 1, 1, 1, 1, 1, 1, 1, 1, 1, 1, 1, 1, 1, 1, 1, 1]
[1, 2, 2, 3, 5, 75, 392, 987, 1477, 1789, 1946, 2059, 2142, 2207, 2266, 2300, 2336, 2355, 2375, 2400, 2414, 2422, 2433, 2438, 2451, 2454]
[1, 1, 1, 1, 1, 1, 1, 1, 1, 1, 1, 1, 1, 1, 1, 1, 1, 1, 1, 1, 1, 1, 1, 1, 1, 1]
[1, 1, 4, 82, 345, 940, 1437, 1772, 1965, 2114, 2189, 2254, 2303, 2345, 2381, 2401, 2426, 2445, 2458, 2472, 2483, 2491, 2494, 2499, 2506, 2512]
[1, 1, 1, 1, 1, 1, 1, 1, 1, 1, 1, 1, 1, 1, 1, 1, 1, 1, 1, 1, 1, 1, 1, 1, 1, 1]
[1, 12, 181, 645, 1330, 1762, 1967, 2113, 2213, 2281, 2326, 2374, 2407, 2429, 2451, 2469, 2480, 2489, 2498, 2511, 2519, 2523, 2528, 2530, 2535, 2536]
[1, 1, 1, 2, 2, 2, 2, 2, 2, 2, 2, 2, 2, 2, 2, 2, 2, 2, 2, 2, 2, 2, 2, 2, 2, 2]
[1, 1, 2, 10, 77, 234, 705, 1252, 1621, 1813, 1953, 2058, 2125, 2182, 2230, 2270, 2306, 2336, 2353, 2371, 2382, 2406, 2422, 2431, 2441, 2441]
[1, 1, 1, 1, 1, 1, 1, 1, 1, 1, 1, 1, 1, 1, 1, 1, 1, 1, 1, 1, 1, 1, 1, 1, 1, 1]
[1, 1, 1, 1, 1, 1, 1, 1, 1, 1, 1, 1, 1, 1, 1, 1, 1, 1, 1, 1, 1, 1, 1, 1, 1, 1]
[1, 2, 8, 74, 365, 967, 1475, 1816, 1998, 2135, 2215, 2271, 2317, 2346, 2378, 2416, 2431, 2451, 2468, 2481, 2495, 2502, 2511, 2515, 2523, 2526]
[1, 30, 118, 541, 1178, 1584, 1825, 1991, 2088, 2171, 2224, 2268, 2300, 2327, 2353, 2374, 2389, 2410, 2426, 2436, 2440, 2445, 2453, 2461, 2467, 2468]
[1, 2, 2, 3, 22, 100, 520, 1168, 1577, 1806, 1958, 2058, 2139, 2190, 2232, 2276, 2315, 2335, 2352, 2368, 2374, 2392, 2407, 2416, 2426, 2431]
[1, 3, 37, 120, 545, 1131, 1531, 1763, 1920, 2062, 2120, 2171, 2205, 2243, 2277, 2300, 2319, 2339, 2357, 2367, 2375, 2381, 2385, 2394, 2402, 2409]
[1, 1, 1, 1, 1, 1, 1, 1, 1, 1, 1, 1, 1, 1, 1, 1, 1, 1, 1, 1, 1, 1, 1, 1, 1, 1]
[1, 23, 51, 212, 697, 1299, 1645, 1891, 2054, 2175, 2257, 2315, 2363, 2400, 2420, 2442, 2457, 2473, 2482, 2492, 2501, 2509, 2517, 2523, 2531, 2536]
[1, 1, 1, 1, 1, 1, 1, 1, 2, 17, 30, 112, 501, 1098, 1550, 1843, 1984, 2102, 2185, 2247, 2285, 2318, 2347, 2374, 2386, 2406]
[1, 4, 42, 137, 633, 1172, 1547, 1756, 1897, 2027, 2110, 2163, 2212, 2247, 2279, 2299, 2317, 2328, 2338, 2354, 2365, 2374, 2380, 2386, 2389, 2393]
[1, 1, 1, 1, 1, 1, 1, 1, 1, 1, 1, 1, 1, 1, 1, 1, 1, 1, 1, 1, 1, 1, 1, 1, 1, 1]
[1, 1, 1, 1, 1, 1, 1, 1, 1, 1, 1, 1, 1, 1, 1, 1, 1, 1, 1, 1, 1, 1, 1, 1, 1, 1]
[1, 13, 103, 437, 909, 1354, 1635, 1826, 1945, 2034, 2084, 2129, 2166, 2191, 2223, 2242, 2257, 2270, 2284, 2295, 2303, 2309, 2317, 2323, 2324, 2331]
[1, 1, 1, 1, 1, 1, 1, 1, 1, 1, 1, 1, 1, 1, 1, 1, 1, 1, 1, 1, 1, 1, 1, 1, 1, 1]
[1, 3, 56, 196, 722, 1227, 1558, 1785, 1920, 2018, 2076, 2134, 2166, 2203, 2232, 2249, 2264, 2278, 2299, 2316, 2330, 2339, 2341, 2351, 2355, 2361]
[1, 6, 18, 52, 251, 784, 1344, 1709, 1899, 2033, 2124, 2196, 2241, 2279, 2313, 2340, 2359, 2379, 2393, 2405, 2414, 2430, 2441, 2449, 2456, 2460]
[1, 1, 1, 1, 1, 1, 1, 1, 1, 1, 2, 19, 40, 119, 613, 1245, 1683, 1916, 2056, 2157, 2218, 2289, 2337, 2368, 2395, 2409]
[1, 1, 1, 1, 1, 1, 1, 1, 1, 1, 1, 1, 1, 1, 2, 23, 41, 138, 508, 1093, 1507, 1745, 1886, 1987, 2066, 2127]
[1, 1, 1, 1, 1, 1, 2, 2, 2, 2, 2, 2, 2, 2, 2, 2, 2, 2, 2, 2, 3, 4, 18, 102, 543, 1156]
[1, 10, 59, 327, 914, 1462, 1771, 1968, 2090, 2175, 2244, 2284, 2325, 2373, 2404, 2435, 2454, 2471, 2482, 2491, 2496, 2504, 2514, 2520, 2521, 2525]
[1, 1, 2, 5, 51, 290, 851, 1389, 1704, 1897, 2035, 2103, 2166, 2220, 2270, 2300, 2319, 2339, 2357, 2368, 2384, 2403, 2415, 2422, 2427, 2429]
[1, 3, 58, 178, 545, 1100, 1543, 1794, 1969, 2078, 2171, 2233, 2290, 2322, 2348, 2363, 2383, 2399, 2407, 2421, 2427, 2436, 2444, 2451, 2457, 2459]
[1, 3, 5, 33, 140, 354, 790, 1230, 1539, 1735, 1845, 1935, 2007, 2066, 2126, 2168, 2199, 2231, 2254, 2271, 2284, 2295, 2309, 2317, 2320, 2331]
[1, 7, 53, 303, 972, 1482, 1802, 1964, 2095, 2177, 2251, 2299, 2330, 2357, 2387, 2414, 2433, 2449, 2462, 2469, 2481, 2487, 2489, 2491, 2499, 2503]
[1, 62, 233, 738, 1319, 1670, 1864, 2014, 2113, 2200, 2262, 2308, 2340, 2368, 2382, 2400, 2414, 2425, 2437, 2451, 2458, 2468, 2475, 2475, 2481, 2486]
[1, 2, 7, 27, 104, 416, 1074, 1509, 1820, 1996, 2096, 2168, 2234, 2284, 2333, 2361, 2379, 2398, 2417, 2428, 2436, 2444, 2457, 2466, 2475, 2484]
[1, 22, 79, 491, 1107, 1564, 1784, 1951, 2058, 2131, 2196, 2250, 2288, 2314, 2337, 2367, 2381, 2398, 2416, 2429, 2434, 2445, 2450, 2456, 2466, 2467]
[1, 5, 80, 384, 1063, 1531, 1844, 2011, 2118, 2185, 2246, 2293, 2331, 2370, 2403, 2419, 2430, 2440, 2459, 2465, 2473, 2483, 2489, 2492, 2495, 2500]
[1, 1, 1, 1, 2, 3, 4, 9, 24, 140, 581, 1101, 1518, 1770, 1937, 2061, 2129, 2201, 2239, 2276, 2303, 2340, 2362, 2371, 2384, 2400]
[1, 2, 4, 6, 44, 150, 582, 1159, 1555, 1818, 1963, 2073, 2153, 2206, 2260, 2292, 2330, 2353, 2370, 2388, 2398, 2407, 2415, 2421, 2426, 2429]
[1, 1, 1, 1, 1, 1, 1, 1, 1, 1, 1, 2, 21, 62, 347, 898, 1452, 1739, 1923, 2050, 2131, 2191, 2239, 2281, 2315, 2340]
[1, 1, 1, 1, 1, 1, 1, 1, 1, 1, 1, 1, 1, 1, 1, 1, 1, 1, 1, 1, 1, 1, 1, 1, 1, 1]
[1, 11, 109, 408, 985, 1439, 1710, 1926, 2060, 2152, 2213, 2259, 2288, 2309, 2327, 2350, 2370, 2396, 2404, 2419, 2429, 2436, 2442, 2446, 2454, 2457]
[1, 2, 69, 222, 768, 1346, 1651, 1845, 1973, 2052, 2118, 2182, 2213, 2250, 2268, 2292, 2318, 2342, 2358, 2370, 2379, 2391, 2397, 2405, 2413, 2416]
