[1, 8, 30, 59, 183, 341, 478, 540, 586, 612, 630, 649, 656, 661, 667, 669, 675, 676, 677, 677, 679, 679, 680, 685, 688, 691]
[1, 8, 13, 76, 197, 375, 500, 562, 595, 614, 628, 639, 647, 654, 662, 670, 673, 678, 680, 682, 683, 685, 689, 689, 690, 690]
[1, 1, 1, 1, 1, 1, 1, 1, 1, 1, 1, 1, 1, 1, 1, 1, 1, 1, 1, 1, 1, 1, 1, 1, 1, 1]
[1, 1, 1, 1, 1, 1, 1, 1, 1, 1, 1, 1, 1, 1, 1, 1, 1, 1, 1, 1, 1, 1, 1, 1, 1, 1]
[1, 1, 1, 1, 1, 1, 1, 1, 1, 1, 1, 1, 1, 1, 1, 1, 1, 1, 1, 1, 1, 1, 1, 1, 1, 1]
[1, 2, 11, 55, 185, 369, 478, 539, 588, 609, 627, 639, 649, 658, 664, 665, 669, 673, 675, 678, 680, 684, 685, 685, 685, 686]
[1, 17, 50, 177, 334, 453, 517, 557, 587, 605, 617, 633, 639, 646, 651, 655, 657, 660, 665, 667, 671, 672, 676, 676, 676, 676]
[1, 19, 81, 239, 472, 562, 611, 634, 663, 680, 690, 697, 698, 700, 706, 713, 714, 715, 717, 718, 720, 720, 721, 721, 722, 722]
[1, 9, 24, 91, 264, 418, 506, 553, 579, 598, 608, 615, 616, 626, 633, 637, 641, 642, 643, 646, 647, 648, 649, 650, 650, 651]
[1, 75, 181, 365, 512, 575, 608, 634, 653, 664, 673, 676, 682, 689, 692, 695, 698, 700, 704, 705, 706, 706, 706, 708, 710, 710]
[1, 6, 35, 173, 394, 505, 568, 594, 609, 636, 652, 664, 670, 672, 676, 679, 679, 682, 684, 686, 687, 688, 688, 689, 689, 689]
[1, 1, 1, 1, 1, 1, 1, 1, 1, 1, 1, 1, 1, 1, 1, 1, 1, 1, 1, 1, 1, 1, 1, 1, 1, 1]
[1, 19, 32, 112, 279, 452, 534, 572, 594, 609, 623, 637, 648, 658, 661, 666, 671, 676, 678, 680, 681, 683, 685, 687, 689, 691]
[1, 13, 40, 121, 311, 468, 543, 582, 616, 639, 657, 668, 675, 680, 686, 691, 697, 703, 705, 713, 716, 717, 719, 721, 721, 721]
[1, 1, 1, 1, 1, 1, 1, 1, 1, 1, 1, 1, 1, 1, 1, 1, 1, 1, 1, 1, 1, 1, 1, 1, 1, 1]
[1, 11, 40, 124, 325, 462, 540, 584, 611, 628, 639, 647, 658, 663, 672, 675, 684, 688, 691, 694, 695, 697, 697, 697, 698, 701]
[1, 11, 58, 194, 398, 520, 566, 597, 624, 641, 655, 667, 677, 686, 688, 690, 695, 696, 696, 699, 700, 701, 702, 705, 707, 708]
[1, 1, 1, 1, 1, 1, 1, 1, 1, 2, 2, 3, 11, 50, 180, 373, 487, 557, 592, 622, 635, 644, 649, 652, 657, 665]
[1, 3, 25, 88, 246, 401, 487, 529, 568, 591, 602, 608, 621, 633, 639, 643, 650, 657, 659, 659, 661, 663, 665, 667, 669, 671]
[1, 2, 7, 21, 78, 267, 460, 543, 590, 606, 623, 635, 651, 658, 666, 670, 675, 677, 677, 677, 678, 678, 680, 680, 683, 684]
[1, 1, 1, 1, 1, 1, 1, 1, 1, 1, 1, 1, 1, 1, 1, 1, 1, 1, 1, 1, 1, 1, 1, 1, 1, 1]
[1, 1, 1, 1, 1, 1, 1, 1, 1, 1, 1, 1, 1, 1, 1, 1, 1, 1, 1, 1, 1, 1, 1, 1, 1, 1]
[1, 2, 2, 3, 8, 49, 156, 328, 478, 551, 590, 616, 637, 645, 650, 660, 669, 675, 678, 682, 686, 686, 687, 688, 689, 689]
[1, 17, 39, 135, 302, 431, 497, 547, 570, 593, 610, 621, 630, 640, 645, 657, 660, 665, 667, 669, 671, 671, 671, 672, 672, 672]
[1, 18, 75, 227, 404, 493, 567, 613, 635, 657, 672, 683, 686, 693, 699, 702, 705, 708, 713, 715, 715, 716, 716, 716, 716, 717]
[1, 2, 4, 9, 36, 160, 330, 454, 522, 566, 594, 617, 628, 638, 648, 654, 660, 665, 668, 672, 675, 679, 681, 682, 683, 684]
[1, 1, 1, 1, 1, 1, 1, 1, 1, 1, 1, 1, 1, 1, 1, 1, 1, 1, 1, 1, 1, 1, 1, 1, 1, 1]
[1, 5, 6, 22, 71, 224, 401, 494, 540, 580, 609, 629, 646, 653, 656, 661, 663, 666, 668, 670, 672, 672, 673, 676, 677, 679]
[1, 4, 8, 42, 184, 347, 469, 517, 549, 572, 590, 600, 616, 622, 627, 633, 640, 644, 645, 647, 649, 651, 651, 654, 655, 656]
[1, 15, 34, 96, 244, 411, 485, 538, 561, 591, 606, 618, 629, 639, 648, 656, 659, 660, 661, 662, 664, 669, 671, 672, 673, 676]
[1, 2, 23, 91, 269, 433, 508, 544, 582, 604, 618, 626, 635, 645, 648, 657, 658, 663, 668, 670, 671, 673, 674, 676, 677, 678]
[1, 37, 102, 266, 430, 532, 590, 631, 659, 672, 675, 682, 684, 687, 690, 696, 699, 700, 700, 703, 705, 705, 706, 706, 707, 707]
[1, 16, 39, 138, 346, 496, 559, 597, 616, 628, 640, 651, 659, 668, 673, 676, 679, 686, 688, 691, 693, 693, 694, 695, 696, 698]
[1, 1, 1, 1, 1, 1, 1, 1, 1, 1, 1, 1, 1, 1, 1, 1, 1, 1, 1, 1, 1, 1, 1, 1, 1, 1]
[1, 16, 25, 48, 144, 313, 440, 530, 574, 606, 617, 632, 641, 645, 654, 659, 662, 664, 667, 669, 671, 674, 675, 676, 678, 678]
[1, 5, 16, 84, 247, 408, 495, 547, 585, 609, 624, 634, 640, 653, 661, 664, 668, 671, 673, 675, 676, 678, 681, 682, 682, 684]
[1, 2, 2, 2, 2, 2, 2, 2, 2, 2, 2, 2, 2, 2, 2, 2, 2, 2, 2, 2, 2, 2, 2, 2, 2, 2]
[1, 2, 3, 26, 119, 358, 500, 563, 603, 629, 649, 660, 670, 676, 686, 693, 694, 699, 700, 702, 706, 707, 708, 710, 711, 713]
[1, 36, 105, 295, 476, 544, 583, 604, 622, 637, 648, 656, 662, 668, 671, 677, 680, 681, 683, 685, 685, 686, 687, 688, 688, 689]
[1, 12, 33, 127, 307, 460, 547, 588, 615, 638, 660, 672, 679, 686, 691, 694, 702, 704, 705, 706, 709, 709, 712, 712, 714, 714]
[1, 3, 5, 19, 42, 143, 340, 459, 527, 558, 587, 606, 619, 633, 639, 646, 650, 654, 656, 656, 662, 663, 666, 666, 669, 669]
[1, 67, 165, 358, 509, 554, 601, 621, 641, 650, 658, 666, 675, 684, 691, 698, 699, 703, 709, 718, 720, 722, 724, 725, 726, 726]
[1, 2, 3, 8, 19, 60, 180, 336, 491, 561, 591, 615, 629, 635, 642, 648, 654, 655, 663, 669, 672, 675, 677, 679, 681, 683]
[1, 1, 1, 1, 1, 1, 1, 1, 1, 1, 1, 1, 1, 1, 1, 1, 1, 1, 1, 1, 1, 1, 1, 1, 1, 1]
[1, 3, 18, 75, 247, 403, 506, 553, 589, 614, 633, 644, 655, 662, 669, 672, 673, 676, 677, 678, 680, 681, 682, 683, 684, 684]
[1, 2, 4, 13, 80, 271, 453, 542, 586, 620, 652, 668, 679, 689, 693, 696, 698, 700, 700, 701, 703, 704, 706, 707, 709, 710]
[1, 12, 72, 230, 397, 510, 568, 600, 624, 641, 657, 663, 671, 674, 677, 681, 684, 686, 687, 689, 692, 693, 695, 699, 699, 701]
[1, 17, 43, 113, 259, 426, 531, 584, 619, 631, 642, 654, 664, 670, 675, 679, 680, 682, 683, 684, 686, 687, 688, 688, 689, 690]
[1, 2, 6, 21, 95, 280, 473, 555, 597, 624, 637, 647, 655, 657, 665, 668, 672, 674, 678, 679, 683, 688, 688, 689, 689, 690]
[1, 1, 1, 1, 1, 1, 1, 1, 1, 1, 1, 1, 1, 1, 1, 1, 1, 1, 1, 1, 1, 1, 1, 1, 1, 1]
[1, 1, 1, 1, 1, 1, 1, 1, 1, 1, 1, 1, 1, 1, 1, 1, 1, 1, 1, 1, 1, 1, 1, 1, 1, 1]
[1, 1, 1, 1, 1, 1, 1, 1, 1, 1, 1, 1, 1, 1, 1, 1, 1, 1, 1, 1, 1, 1, 1, 1, 1, 1]
[1, 3, 3, 4, 6, 30, 130, 319, 461, 537, 579, 600, 617, 626, 640, 646, 653, 657, 658, 659, 660, 662, 663, 663, 663, 664]
[1, 14, 41, 140, 315, 450, 526, 565, 597, 619, 629, 641, 648, 650, 653, 658, 660, 662, 664, 666, 669, 674, 674, 677, 677, 677]
[1, 3, 14, 70, 197, 370, 482, 536, 562, 579, 592, 610, 619, 625, 636, 640, 643, 645, 649, 650, 651, 652, 653, 654, 656, 657]
[1, 1, 1, 1, 1, 1, 1, 1, 1, 1, 1, 1, 1, 1, 1, 1, 1, 1, 1, 1, 1, 1, 1, 1, 1, 1]
[1, 1, 1, 1, 1, 1, 1, 1, 1, 1, 1, 1, 1, 1, 1, 1, 1, 1, 1, 1, 1, 1, 1, 1, 1, 1]
[1, 13, 36, 116, 286, 444, 546, 587, 605, 614, 625, 635, 649, 658, 667, 670, 675, 681, 683, 688, 690, 691, 693, 695, 695, 695]
[1, 49, 98, 280, 466, 542, 587, 615, 628, 651, 663, 670, 682, 689, 692, 695, 700, 707, 708, 710, 712, 712, 716, 716, 716, 717]
[1, 4, 9, 62, 219, 439, 525, 585, 620, 643, 661, 670, 680, 684, 693, 696, 697, 700, 706, 707, 710, 712, 714, 714, 715, 715]
[1, 1, 1, 1, 1, 1, 1, 1, 1, 1, 1, 1, 1, 1, 1, 1, 1, 1, 1, 1, 1, 1, 1, 1, 1, 1]
[1, 1, 1, 1, 1, 1, 1, 1, 1, 1, 1, 1, 1, 1, 1, 1, 1, 1, 1, 1, 1, 1, 1, 1, 1, 1]
[1, 55, 110, 242, 421, 516, 562, 586, 601, 613, 625, 632, 648, 654, 658, 661, 663, 667, 668, 669, 670, 670, 670, 671, 673, 676]
[1, 4, 12, 35, 139, 333, 443, 519, 556, 588, 610, 626, 643, 652, 658, 661, 665, 666, 668, 669, 671, 673, 676, 677, 677, 677]
[1, 1, 1, 1, 1, 1, 1, 1, 1, 1, 1, 1, 1, 1, 1, 1, 1, 1, 1, 1, 1, 1, 1, 1, 1, 1]
[1, 3, 5, 9, 48, 124, 291, 432, 506, 556, 592, 612, 631, 643, 650, 653, 662, 668, 673, 676, 678, 682, 682, 682, 682, 685]
[1, 9, 30, 107, 270, 452, 547, 593, 629, 643, 663, 669, 674, 681, 694, 697, 701, 704, 704, 704, 704, 709, 710, 711, 712, 712]
[1, 2, 4, 20, 77, 203, 403, 526, 589, 617, 640, 647, 658, 669, 673, 677, 679, 681, 685, 688, 689, 690, 691, 693, 693, 693]
[1, 15, 56, 197, 392, 517, 581, 611, 633, 654, 667, 672, 678, 686, 688, 691, 691, 694, 696, 697, 698, 698, 698, 700, 702, 702]
[1, 2, 3, 3, 5, 37, 116, 286, 447, 535, 580, 608, 629, 642, 655, 664, 669, 678, 680, 682, 684, 687, 689, 691, 693, 693]
[1, 7, 27, 151, 391, 539, 588, 632, 661, 684, 699, 709, 710, 714, 718, 724, 724, 724, 728, 731, 731, 733, 733, 735, 735, 735]
[1, 1, 1, 1, 1, 1, 1, 1, 1, 1, 1, 1, 1, 1, 1, 1, 1, 1, 1, 1, 1, 1, 1, 1, 1, 1]
[1, 8, 15, 40, 142, 323, 463, 535, 580, 605, 622, 634, 649, 653, 656, 662, 667, 667, 671, 673, 674, 676, 677, 678, 681, 682]
[1, 17, 102, 300, 446, 529, 588, 614, 634, 644, 651, 659, 666, 668, 670, 674, 679, 681, 687, 689, 690, 695, 696, 697, 698, 698]
[1, 32, 62, 197, 413, 498, 563, 599, 621, 636, 650, 663, 671, 680, 689, 691, 693, 694, 697, 699, 700, 702, 703, 705, 706, 706]
[1, 3, 23, 104, 277, 441, 525, 579, 612, 635, 656, 665, 670, 676, 682, 685, 687, 688, 693, 698, 699, 699, 700, 701, 701, 703]
[1, 1, 1, 1, 1, 1, 1, 1, 1, 1, 1, 1, 1, 1, 1, 1, 1, 1, 1, 1, 1, 1, 1, 1, 1, 1]
[1, 1, 1, 1, 1, 1, 1, 1, 1, 1, 1, 1, 1, 1, 1, 1, 1, 1, 1, 1, 1, 1, 1, 1, 1, 1]
[1, 25, 64, 210, 370, 476, 534, 574, 599, 614, 626, 635, 642, 648, 653, 658, 659, 659, 662, 663, 664, 666, 666, 666, 668, 668]
[1, 19, 94, 262, 436, 521, 564, 596, 624, 642, 659, 665, 668, 677, 681, 684, 684, 685, 689, 689, 691, 692, 695, 696, 698, 698]
[1, 1, 1, 1, 1, 1, 1, 1, 1, 1, 1, 1, 1, 1, 1, 1, 1, 1, 1, 1, 1, 1, 1, 1, 1, 1]
[1, 1, 1, 1, 1, 1, 1, 1, 1, 1, 1, 1, 1, 1, 1, 1, 1, 1, 1, 1, 1, 1, 1, 1, 1, 1]
[1, 1, 1, 1, 1, 1, 1, 1, 1, 1, 1, 1, 1, 1, 1, 1, 1, 1, 1, 1, 1, 1, 1, 1, 1, 1]
[1, 1, 1, 1, 1, 1, 1, 1, 1, 1, 1, 1, 1, 1, 1, 1, 1, 1, 1, 1, 1, 1, 1, 1, 1, 1]
[1, 1, 1, 1, 1, 1, 1, 1, 1, 1, 1, 1, 1, 1, 1, 1, 1, 1, 1, 1, 1, 1, 1, 1, 1, 1]
[1, 4, 14, 51, 207, 406, 515, 575, 613, 640, 657, 667, 671, 675, 678, 679, 681, 682, 688, 689, 691, 693, 693, 693, 695, 696]
[1, 1, 1, 1, 1, 1, 1, 1, 1, 1, 1, 1, 1, 1, 1, 1, 1, 1, 1, 1, 1, 1, 1, 1, 1, 1]
[1, 1, 1, 1, 1, 1, 1, 1, 1, 1, 1, 1, 1, 1, 1, 1, 1, 1, 1, 1, 1, 1, 1, 1, 1, 1]
[1, 1, 1, 1, 1, 1, 1, 1, 1, 1, 1, 1, 1, 1, 1, 1, 1, 1, 1, 1, 1, 1, 1, 1, 1, 1]
[1, 2, 15, 43, 96, 213, 390, 488, 542, 580, 604, 619, 627, 636, 643, 651, 659, 661, 670, 672, 675, 676, 679, 681, 682, 683]
[1, 3, 5, 11, 29, 87, 245, 416, 527, 566, 602, 622, 637, 646, 653, 658, 661, 665, 668, 669, 674, 676, 678, 681, 682, 683]
[1, 8, 46, 189, 385, 502, 566, 598, 627, 642, 656, 662, 669, 677, 682, 688, 695, 699, 701, 702, 703, 704, 705, 706, 706, 708]
[1, 6, 27, 123, 339, 518, 565, 599, 629, 647, 660, 670, 677, 683, 686, 687, 690, 692, 693, 694, 695, 696, 697, 698, 699, 699]
[1, 67, 132, 291, 477, 567, 613, 646, 661, 669, 678, 680, 685, 692, 694, 694, 698, 698, 699, 701, 701, 702, 703, 703, 703, 703]
[1, 1, 1, 1, 1, 1, 1, 1, 1, 1, 1, 1, 1, 1, 1, 1, 1, 1, 1, 1, 1, 1, 1, 1, 1, 1]
[1, 34, 83, 222, 418, 520, 583, 615, 638, 650, 657, 668, 672, 677, 682, 685, 690, 692, 693, 695, 697, 700, 701, 702, 702, 702]
[1, 7, 19, 75, 261, 449, 535, 592, 623, 646, 660, 669, 678, 684, 687, 689, 696, 699, 700, 701, 703, 703, 703, 703, 705, 705]
[1, 1, 1, 1, 1, 1, 1, 1, 1, 1, 1, 1, 1, 1, 1, 1, 1, 1, 1, 1, 1, 1, 1, 1, 1, 1]
[1, 34, 83, 214, 421, 518, 572, 612, 633, 648, 659, 671, 680, 685, 694, 697, 701, 702, 704, 704, 705, 706, 707, 707, 707, 707]
[1, 14, 49, 153, 367, 504, 576, 604, 623, 644, 658, 672, 682, 686, 690, 694, 697, 700, 704, 706, 707, 714, 714, 715, 716, 717]
