35,795
1810,439
2642,438
2125,436
2028,326
905,320
4172,293
1,264
7,239
3129,217
1018,216
13,215
2388,212
4197,212
2296,210
1334,204
2067,199
1953,198
1386,192
3988,191
2045,184
4291,179
1396,172
1352,171
546,170
2266,153
1899,140
1565,136
3897,135
3735,134
2625,133
2942,133
202,128
1317,121
135,120
4559,119
304,116
25,113
3451,112
3649,112
3828,112
1383,111
1832,108
1566,105
41,103
3744,100
3722,98
832,97
257,95
2934,95
1731,93
353,92
1585,91
2635,89
1615,88
4694,88
64,87
2600,87
4635,87
545,86
1771,85
3598,85
2198,85
2897,85
57,84
361,84
1217,84
4611,81
1201,80
3719,80
3018,78
1363,76
2194,76
3878,76
60,75
3916,75
1744,74
2725,73
2835,73
1802,72
4649,72
5227,72
1162,71
2173,71
4,68
1555,68
2404,67
2877,67
3452,67
4532,66
523,65
537,65
882,65
1860,65
2647,64
468,63
4833,63
280,62
775,62
104,61
1693,61
2110,61
3707,60
1281,59
2378,59
1543,58
2176,58
215,57
492,57
687,57
729,57
937,57
1316,57
2063,57
4107,57
4385,57
309,56
592,56
1629,56
3837,56
6,55
908,55
1675,55
5612,55
171,54
1052,54
1735,54
3366,54
3820,54
2,53
481,53
550,53
3099,53
62,52
3578,52
198,51
3345,51
3640,51
3699,51
1967,50
1815,50
4515,50
270,49
540,49
1366,49
3465,49
1053,48
2397,48
3219,48
3804,48
1185,47
2017,46
2485,46
3429,46
4365,46
4402,46
5363,46
144,45
2351,45
2498,45
1612,44
1764,44
2658,44
4779,44
29,43
1656,43
4458,43
96,42
115,42
113,42
664,42
1714,42
2691,42
1318,41
1529,41
1921,41
1948,41
2214,41
3903,41
4531,41
178,40
363,40
2252,40
2318,40
3527,40
3642,40
3669,40
4499,40
4683,40
5472,40
732,39
1620,39
3040,39
3714,39
149,38
3572,38
4315,38
4554,38
4654,38
36,37
425,37
634,37
1499,37
1512,37
2262,37
4304,37
5506,37
256,36
522,36
1245,36
1348,36
1846,36
2328,36
3445,36
4707,36
1487,35
1528,35
1670,35
2524,35
3545,35
3756,35
4038,35
132,34
204,34
635,34
923,34
1922,34
3760,34
3789,34
3790,34
3792,34
3791,34
3795,34
4205,34
4661,34
4925,34
4860,34
5508,34
33,33
230,33
1094,33
1502,33
1690,33
2141,33
2322,33
3260,33
3653,33
3757,33
3793,33
3794,33
4686,33
4921,33
5316,33
1508,32
1562,32
3013,32
3759,32
4320,32
4666,32
4667,32
4668,32
4681,32
4688,32
51,31
209,31
2303,31
2728,31
2763,31
3000,31
3786,31
3788,31
3935,31
4163,31
4673,31
4680,31
4733,31
647,30
2306,30
2565,30
2822,30
2848,30
3787,30
3880,30
4266,30
4553,30
4679,30
4682,30
4867,30
5525,30
17,29
23,29
273,29
535,29
630,29
710,29
1584,29
1850,29
2344,29
3904,29
3919,29
3976,29
4254,29
4675,29
4676,29
4678,29
21,28
350,28
1916,28
2538,28
3781,28
4875,28
5529,28
39,27
159,27
484,27
725,27
1639,27
1677,27
2187,27
3107,27
4301,27
4400,27
5065,27
5482,27
112,26
184,26
770,26
1840,26
1885,26
2733,26
3161,26
4363,26
4511,26
4672,26
5712,26
295,25
346,25
1478,25
2118,25
3892,25
5013,25
5025,25
5403,25
77,24
143,24
192,24
274,24
395,24
452,24
1403,24
1752,24
2034,24
2090,24
2113,24
2661,24
2755,24
2688,24
5413,24
219,23
446,23
539,23
625,23
632,23
1271,23
1368,23
1473,23
1746,23
2165,23
2775,23
2784,23
3630,23
3656,23
3815,23
4119,23
4890,23
5635,23
141,22
925,22
1092,22
2244,22
2880,22
3223,22
3746,22
4281,22
4684,22
4787,22
4899,22
5449,22
3,21
405,21
493,21
823,21
1412,21
1689,21
1819,21
1890,21
1991,21
1939,21
2167,21
2188,21
2229,21
3427,21
3738,21
4217,21
3926,21
80,20
249,20
266,20
415,20
491,20
714,20
1267,20
1896,20
2124,20
2313,20
2392,20
2399,20
3086,20
3239,20
3319,20
4284,20
4459,20
4592,20
4669,20
4701,20
4744,20
383,19
387,19
342,19
476,19
520,19
570,19
1257,19
1568,19
1788,19
1947,19
2080,19
2484,19
2552,19
2777,19
2780,19
3571,19
4004,19
4114,19
4204,19
4236,19
3330,19
5028,19
242,18
399,18
742,18
856,18
1539,18
1548,18
2030,18
2085,18
2174,18
2710,18
2861,18
2977,18
3531,18
4084,18
4570,18
4884,18
5591,18
15,17
443,17
547,17
606,17
628,17
705,17
1043,17
1154,17
1754,17
1998,17
2040,17
2142,17
2158,17
2315,17
2574,17
2795,17
2962,17
3113,17
3470,17
3641,17
4360,17
4677,17
4743,17
5228,17
5251,17
5654,17
146,16
93,16
206,16
359,16
427,16
416,16
462,16
480,16
533,16
654,16
777,16
894,16
978,16
1098,16
1331,16
1394,16
1556,16
1557,16
1765,16
1905,16
2012,16
2961,16
3006,16
3233,16
3237,16
3552,16
3750,16
3854,16
4026,16
4075,16
4136,16
4840,16
4893,16
110,15
228,15
283,15
469,15
472,15
579,15
1204,15
1272,15
1268,15
1400,15
1591,15
1701,15
1912,15
2233,15
2472,15
3195,15
3229,15
3273,15
3353,15
3374,15
3725,15
4198,15
5193,15
5457,15
5606,15
166,14
167,14
214,14
235,14
408,14
418,14
465,14
780,14
929,14
988,14
1001,14
1005,14
1044,14
1207,14
1377,14
1873,14
1964,14
1971,14
2131,14
2243,14
2325,14
2333,14
2398,14
2419,14
2427,14
2437,14
2455,14
2540,14
2672,14
2680,14
2859,14
2903,14
2943,14
3600,14
3715,14
4238,14
4350,14
4370,14
4434,14
4522,14
4518,14
4645,14
4747,14
5157,14
5255,14
5596,14
5655,14
5921,14
37,13
45,13
134,13
222,13
243,13
308,13
312,13
384,13
436,13
495,13
644,13
700,13
900,13
1028,13
1100,13
1252,13
1290,13
1353,13
1490,13
1576,13
1636,13
1743,13
1757,13
1753,13
1811,13
1719,13
1859,13
2070,13
2230,13
2293,13
2297,13
2566,13
2657,13
2682,13
3020,13
3197,13
3512,13
3389,13
3767,13
4209,13
4244,13
4251,13
4331,13
4382,13
4562,13
4729,13
4788,13
4993,13
5440,13
5623,13
26,12
19,12
72,12
75,12
100,12
186,12
272,12
322,12
325,12
374,12
393,12
396,12
394,12
502,12
767,12
779,12
781,12
921,12
1222,12
1198,12
1277,12
1289,12
1312,12
1376,12
1453,12
1624,12
1733,12
1829,12
1843,12
1919,12
1937,12
2044,12
2054,12
2132,12
2231,12
2311,12
2516,12
2568,12
2590,12
2684,12
2805,12
2878,12
2987,12
3487,12
3611,12
4179,12
4235,12
4253,12
4189,12
4279,12
4334,12
4419,12
4424,12
4519,12
4604,12
4659,12
4709,12
4791,12
4857,12
4937,12
5197,12
5476,12
5450,12
5602,12
5691,12
28,11
61,11
142,11
152,11
177,11
223,11
239,11
245,11
386,11
521,11
530,11
534,11
757,11
760,11
804,11
862,11
917,11
967,11
1013,11
1034,11
962,11
1078,11
1686,11
1713,11
1736,11
1769,11
1792,11
1997,11
2053,11
2127,11
2135,11
2178,11
2201,11
2281,11
2284,11
2299,11
2585,11
2628,11
2631,11
2670,11
2700,11
2892,11
2901,11
2963,11
3105,11
3204,11
3208,11
3316,11
3335,11
3404,11
3547,11
3646,11
3655,11
3724,11
3797,11
3864,11
3928,11
3980,11
3986,11
4361,11
4379,11
4490,11
4698,11
4732,11
4746,11
4898,11
4983,11
5066,11
5200,11
5353,11
5408,11
5541,11
5569,11
5801,11
5827,11
5852,11
20,10
78,10
180,10
203,10
216,10
284,10
298,10
378,10
390,10
330,10
412,10
455,10
417,10
489,10
561,10
563,10
585,10
650,10
651,10
733,10
786,10
801,10
838,10
906,10
1026,10
1302,10
1437,10
1541,10
1653,10
1674,10
1725,10
2004,10
2064,10
2072,10
2192,10
2205,10
2304,10
2310,10
2430,10
2475,10
2496,10
2536,10
2636,10
2674,10
2683,10
2778,10
2839,10
2898,10
3029,10
3119,10
3146,10
3136,10
2958,10
3317,10
3326,10
3408,10
3498,10
3504,10
3549,10
3593,10
3666,10
3723,10
3776,10
3810,10
3168,10
3923,10
3981,10
3982,10
4122,10
4452,10
4546,10
4584,10
4608,10
4605,10
4708,10
4753,10
4812,10
4852,10
5198,10
5528,10
5559,10
5649,10
5578,10
5983,10
10,9
69,9
81,9
101,9
114,9
125,9
163,9
200,9
251,9
221,9
310,9
319,9
441,9
475,9
488,9
494,9
538,9
554,9
566,9
578,9
598,9
621,9
626,9
642,9
735,9
827,9
853,9
861,9
870,9
920,9
922,9
1139,9
1143,9
1239,9
1322,9
1332,9
1477,9
1657,9
1773,9
1778,9
1809,9
1876,9
1933,9
1990,9
2013,9
2103,9
2123,9
2208,9
2219,9
2343,9
2558,9
2676,9
2731,9
2812,9
2840,9
2767,9
2940,9
2944,9
2948,9
3036,9
3047,9
3185,9
3314,9
3377,9
3397,9
3581,9
3734,9
3910,9
4031,9
3971,9
4118,9
4131,9
4231,9
4267,9
4285,9
4353,9
4411,9
4521,9
4543,9
4599,9
4693,9
4648,9
4828,9
4838,9
4844,9
4883,9
5027,9
5201,9
5202,9
5231,9
5312,9
5384,9
5515,9
5523,9
5524,9
5667,9
88,8
156,8
224,8
238,8
241,8
261,8
288,8
347,8
340,8
401,8
402,8
500,8
419,8
577,8
608,8
633,8
667,8
678,8
680,8
722,8
726,8
640,8
824,8
846,8
904,8
943,8
972,8
953,8
1095,8
1244,8
1340,8
1345,8
1451,8
1517,8
1525,8
1611,8
1647,8
1779,8
1806,8
1911,8
1893,8
1955,8
1984,8
2096,8
2144,8
2255,8
2269,8
2289,8
2249,8
2405,8
2409,8
2464,8
2632,8
2396,8
2678,8
2693,8
2702,8
2711,8
2726,8
3001,8
3003,8
3023,8
3045,8
3087,8
3172,8
3193,8
3270,8
3333,8
3341,8
3349,8
3381,8
3413,8
3476,8
3490,8
3513,8
3539,8
3556,8
3621,8
3624,8
3697,8
3660,8
3826,8
3887,8
3901,8
4011,8
4174,8
4098,8
4295,8
4297,8
4325,8
4398,8
4406,8
4409,8
4308,8
4482,8
4525,8
4594,8
4748,8
4795,8
4965,8
5064,8
5067,8
5068,8
5069,8
5070,8
5071,8
5072,8
5115,8
5175,8
5203,8
5217,8
5280,8
5259,8
5458,8
5473,8
5510,8
5553,8
5609,8
5608,8
5624,8
5661,8
5811,8
5825,8
5955,8
54,7
56,7
95,7
109,7
160,7
179,7
207,7
120,7
212,7
262,7
293,7
366,7
410,7
423,7
439,7
499,7
616,7
691,7
755,7
768,7
802,7
820,7
892,7
896,7
907,7
928,7
935,7
1008,7
1104,7
1107,7
1128,7
1295,7
1384,7
1464,7
1471,7
1526,7
1596,7
1628,7
1648,7
1662,7
1669,7
1751,7
1756,7
1803,7
1849,7
1878,7
1886,7
1894,7
1951,7
1956,7
1938,7
1981,7
2046,7
2087,7
2089,7
2093,7
2175,7
2217,7
2275,7
2349,7
2363,7
2370,7
2291,7
2494,7
2505,7
2535,7
2561,7
2569,7
2571,7
2580,7
2592,7
2594,7
2701,7
2716,7
2851,7
2906,7
3002,7
3153,7
3062,7
3268,7
3236,7
3327,7
3378,7
3394,7
3500,7
3543,7
3574,7
3590,7
3764,7
3803,7
3830,7
3824,7
3915,7
4076,7
4078,7
4125,7
4088,7
4169,7
4211,7
4269,7
4489,7
4524,7
4569,7
4590,7
4646,7
4638,7
4650,7
4751,7
4762,7
4780,7
4841,7
4870,7
4897,7
4907,7
4986,7
4942,7
5139,7
5146,7
5186,7
5195,7
5212,7
5249,7
5286,7
5296,7
5317,7
5411,7
5443,7
5479,7
5480,7
5501,7
5611,7
5631,7
5636,7
5613,7
5806,7
5845,7
5917,7
5942,7
32,6
70,6
108,6
111,6
129,6
153,6
181,6
199,6
225,6
227,6
244,6
268,6
269,6
276,6
282,6
285,6
296,6
254,6
318,6
320,6
321,6
357,6
372,6
404,6
421,6
479,6
571,6
590,6
610,6
658,6
688,6
689,6
701,6
641,6
707,6
576,6
903,6
931,6
885,6
963,6
984,6
1019,6
1037,6
1062,6
1065,6
1113,6
1119,6
1145,6
1159,6
1315,6
1354,6
1379,6
1520,6
1527,6
1535,6
1618,6
1664,6
1800,6
1844,6
1973,6
1976,6
1986,6
1994,6
2018,6
2014,6
2022,6
2016,6
2042,6
2049,6
2095,6
2097,6
2076,6
2119,6
2195,6
2221,6
2257,6
2261,6
2292,6
2305,6
2346,6
2434,6
2449,6
2548,6
2567,6
2581,6
2589,6
2601,6
2603,6
2605,6
2623,6
2629,6
2593,6
2686,6
2694,6
2699,6
2712,6
2720,6
2714,6
2732,6
2654,6
2757,6
2724,6
2782,6
2801,6
2803,6
2819,6
2825,6
2867,6
2879,6
2881,6
2876,6
2928,6
2952,6
3025,6
3027,6
3037,6
3044,6
3063,6
3165,6
3182,6
3194,6
3380,6
3391,6
3367,6
3422,6
3436,6
3462,6
3463,6
3489,6
3466,6
3528,6
3533,6
3565,6
3583,6
3665,6
3800,6
3813,6
3851,6
3898,6
3972,6
3989,6
4002,6
4036,6
4181,6
4184,6
4188,6
4203,6
3743,6
4283,6
4273,6
4330,6
4337,6
4339,6
4389,6
4421,6
4427,6
4450,6
4487,6
4579,6
4595,6
4618,6
4622,6
4625,6
4687,6
4739,6
4745,6
4771,6
3278,6
4851,6
4862,6
4922,6
4956,6
4988,6
4991,6
5021,6
5023,6
5075,6
5125,6
5103,6
5269,6
5294,6
5471,6
5475,6
5478,6
5551,6
5576,6
5614,6
5565,6
5689,6
5719,6
5729,6
5762,6
5765,6
5629,6
5928,6
5943,6
5965,6
5969,6
68,5
148,5
150,5
231,5
164,5
246,5
265,5
278,5
324,5
397,5
433,5
448,5
449,5
460,5
464,5
463,5
507,5
514,5
516,5
518,5
548,5
564,5
573,5
587,5
673,5
716,5
788,5
791,5
795,5
847,5
851,5
875,5
975,5
982,5
1010,5
1020,5
1040,5
1073,5
1200,5
1226,5
1227,5
1243,5
1275,5
1292,5
1301,5
1286,5
1319,5
1325,5
1328,5
1357,5
1375,5
1413,5
1439,5
1465,5
1482,5
1486,5
1510,5
1521,5
1544,5
1546,5
1593,5
1605,5
1655,5
1685,5
1715,5
1727,5
1820,5
1839,5
1872,5
1879,5
1888,5
1892,5
1917,5
1923,5
1944,5
1946,5
1957,5
2002,5
2006,5
2056,5
2071,5
2073,5
2102,5
2115,5
2148,5
2155,5
2159,5
2164,5
2204,5
2224,5
2235,5
2251,5
2260,5
2048,5
2276,5
2312,5
2359,5
2389,5
2411,5
2415,5
2410,5
2470,5
2476,5
2486,5
2510,5
2514,5
2529,5
2549,5
2570,5
2610,5
2614,5
2621,5
2622,5
2639,5
2666,5
2669,5
2671,5
2677,5
2703,5
2704,5
2721,5
2738,5
2770,5
2789,5
2823,5
2730,5
2821,5
2845,5
2875,5
2887,5
2889,5
2910,5
2915,5
2929,5
2981,5
2992,5
3005,5
3016,5
2969,5
3103,5
3120,5
3190,5
3214,5
3242,5
3287,5
3309,5
3321,5
3342,5
3357,5
3405,5
3414,5
3417,5
3444,5
3453,5
3481,5
3506,5
3562,5
3620,5
3629,5
3648,5
3682,5
3713,5
3689,5
2431,5
3703,5
3160,5
3766,5
3783,5
3801,5
3841,5
3846,5
3850,5
3872,5
3875,5
3893,5
3966,5
3884,5
3990,5
4027,5
4113,5
4124,5
4139,5
4206,5
4233,5
4274,5
4252,5
4287,5
4300,5
4375,5
4381,5
4392,5
4431,5
4478,5
4530,5
4551,5
4565,5
4601,5
4609,5
4616,5
4632,5
4637,5
4642,5
4735,5
4573,5
4756,5
3957,5
4800,5
4814,5
4830,5
4861,5
4916,5
4927,5
4938,5
4945,5
4995,5
4996,5
3772,5
5029,5
5041,5
5059,5
5080,5
5086,5
5180,5
5213,5
5224,5
5237,5
5239,5
5298,5
5367,5
5397,5
5432,5
5441,5
5466,5
5481,5
5539,5
5540,5
5543,5
5577,5
5590,5
5610,5
5619,5
5625,5
5733,5
5759,5
5760,5
5763,5
5822,5
5605,5
5949,5
97,4
119,4
139,4
173,4
174,4
176,4
201,4
217,4
240,4
229,4
301,4
317,4
345,4
356,4
375,4
380,4
348,4
428,4
332,4
432,4
459,4
467,4
486,4
496,4
497,4
501,4
506,4
508,4
509,4
512,4
526,4
532,4
536,4
557,4
583,4
586,4
594,4
591,4
605,4
617,4
593,4
627,4
643,4
653,4
661,4
666,4
697,4
709,4
718,4
744,4
753,4
769,4
784,4
799,4
805,4
812,4
835,4
841,4
842,4
866,4
872,4
822,4
899,4
902,4
911,4
913,4
948,4
950,4
961,4
995,4
1048,4
958,4
1066,4
1068,4
1074,4
1084,4
1090,4
1130,4
1133,4
1140,4
1147,4
1166,4
1176,4
1191,4
1192,4
1258,4
1269,4
1064,4
1310,4
1358,4
1370,4
1393,4
1401,4
1402,4
1406,4
1417,4
1422,4
1436,4
1438,4
1447,4
1456,4
1458,4
1463,4
1504,4
1469,4
1550,4
1554,4
1595,4
1616,4
1654,4
1672,4
1676,4
1692,4
1700,4
1702,4
1750,4
1762,4
1755,4
1794,4
1799,4
1817,4
1774,4
1838,4
1845,4
1853,4
1864,4
1880,4
1915,4
1918,4
1977,4
1978,4
1993,4
2091,4
2120,4
2121,4
2146,4
2181,4
2202,4
2259,4
2098,4
2268,4
2277,4
2307,4
2309,4
2341,4
2364,4
2365,4
2371,4
2377,4
2407,4
2408,4
2420,4
2424,4
2438,4
2480,4
2495,4
2501,4
2521,4
2539,4
2541,4
2542,4
2543,4
2544,4
2545,4
2550,4
2573,4
2602,4
2612,4
2633,4
2644,4
2646,4
2668,4
2675,4
2705,4
2717,4
2718,4
2737,4
2742,4
2745,4
2746,4
2762,4
2679,4
2808,4
2809,4
2829,4
2860,4
2868,4
2837,4
2891,4
2919,4
2933,4
2937,4
2993,4
2950,4
3015,4
3050,4
3054,4
3059,4
3106,4
3209,4
3231,4
3225,4
3246,4
3207,4
3250,4
3259,4
3296,4
3257,4
3347,4
3361,4
3363,4
2966,4
3385,4
3449,4
3450,4
3459,4
3475,4
3272,4
3510,4
3511,4
3515,4
2050,4
3522,4
3526,4
3538,4
3563,4
3597,4
3534,4
3603,4
3609,4
3610,4
3628,4
3189,4
3704,4
3765,4
3769,4
3785,4
3798,4
3807,4
3847,4
3856,4
3857,4
3869,4
3885,4
3918,4
3922,4
4007,4
4017,4
4024,4
4032,4
4035,4
4060,4
4074,4
4086,4
3488,4
4097,4
4105,4
4115,4
4135,4
4158,4
4159,4
4164,4
4195,4
4210,4
4213,4
4214,4
4228,4
4249,4
4258,4
4288,4
4302,4
4290,4
4222,4
4354,4
4405,4
4322,4
4416,4
4423,4
4432,4
4439,4
4462,4
4467,4
4493,4
4504,4
4523,4
4540,4
4556,4
4563,4
4571,4
4587,4
4597,4
4598,4
4603,4
4614,4
4461,4
4662,4
4663,4
4664,4
4731,4
4764,4
4774,4
4723,4
4816,4
4850,4
4886,4
4919,4
4932,4
4969,4
4970,4
4980,4
4987,4
5005,4
5007,4
5037,4
5039,4
5046,4
5056,4
5079,4
5101,4
5155,4
5189,4
5192,4
5204,4
5215,4
5235,4
5242,4
5299,4
5318,4
5398,4
5396,4
5439,4
5442,4
5460,4
5484,4
5489,4
5521,4
5526,4
5544,4
5550,4
5554,4
5570,4
5594,4
5643,4
5648,4
5647,4
5688,4
5707,4
5730,4
5731,4
5732,4
5777,4
5783,4
5784,4
5799,4
5840,4
5881,4
5971,4
5982,4
5,3
8,3
34,3
44,3
76,3
127,3
147,3
155,3
158,3
161,3
183,3
189,3
191,3
194,3
233,3
234,3
236,3
248,3
250,3
259,3
260,3
297,3
313,3
316,3
328,3
339,3
377,3
392,3
351,3
406,3
409,3
411,3
300,3
437,3
365,3
453,3
454,3
197,3
477,3
478,3
424,3
490,3
447,3
498,3
517,3
542,3
558,3
559,3
567,3
569,3
597,3
588,3
620,3
623,3
652,3
655,3
656,3
672,3
681,3
685,3
703,3
708,3
724,3
730,3
715,3
734,3
743,3
763,3
776,3
782,3
787,3
792,3
793,3
794,3
798,3
762,3
811,3
818,3
830,3
834,3
864,3
867,3
871,3
910,3
912,3
915,3
926,3
927,3
941,3
954,3
957,3
959,3
994,3
997,3
1009,3
1011,3
1021,3
1036,3
1046,3
1050,3
1014,3
1063,3
1096,3
1105,3
1110,3
1112,3
1127,3
1129,3
1134,3
1165,3
1168,3
1174,3
1179,3
1190,3
1196,3
1202,3
1219,3
1230,3
1231,3
1237,3
1242,3
1260,3
1262,3
1263,3
1270,3
1299,3
1308,3
1320,3
1327,3
1338,3
1342,3
1349,3
1362,3
1369,3
1389,3
1404,3
1426,3
1442,3
1443,3
1462,3
1475,3
1480,3
1492,3
1507,3
1513,3
1518,3
1579,3
1574,3
1583,3
1609,3
1626,3
1634,3
1644,3
1645,3
1651,3
1665,3
1666,3
1650,3
1697,3
1704,3
1712,3
1726,3
1720,3
1747,3
1772,3
1775,3
1784,3
1785,3
1790,3
1797,3
1804,3
1808,3
1814,3
1826,3
1833,3
1834,3
1842,3
1851,3
1855,3
1856,3
1877,3
1889,3
1900,3
1907,3
1920,3
1934,3
1936,3
1940,3
1962,3
1966,3
1972,3
1988,3
1989,3
1992,3
2000,3
2020,3
2033,3
2052,3
2065,3
2043,3
2079,3
2081,3
2104,3
2122,3
2134,3
2139,3
2143,3
2128,3
2166,3
2189,3
2199,3
2212,3
2241,3
2246,3
2256,3
2258,3
2083,3
2265,3
2274,3
2316,3
2317,3
2319,3
2332,3
2334,3
2336,3
2337,3
2342,3
2352,3
2367,3
2386,3
2387,3
2412,3
2416,3
2429,3
2435,3
2441,3
2444,3
2447,3
2471,3
2487,3
2491,3
2503,3
2512,3
2520,3
2522,3
2525,3
1954,3
2531,3
2532,3
2537,3
2556,3
2563,3
2572,3
2582,3
2588,3
2597,3
2598,3
2606,3
2630,3
2640,3
2665,3
2681,3
2607,3
2689,3
2690,3
2695,3
2722,3
2723,3
2735,3
2741,3
2744,3
2747,3
2749,3
2752,3
2754,3
2758,3
2761,3
2751,3
2772,3
2781,3
2787,3
2788,3
2618,3
2609,3
2811,3
2817,3
2828,3
2838,3
2852,3
2857,3
2866,3
2874,3
2896,3
2916,3
2918,3
2945,3
2964,3
2973,3
3019,3
3033,3
2402,3
3060,3
3076,3
2692,3
3093,3
3104,3
3110,3
3122,3
3127,3
3140,3
3142,3
3148,3
3155,3
3196,3
3198,3
3211,3
3217,3
3221,3
3251,3
3252,3
3254,3
3258,3
3269,3
3274,3
3283,3
3285,3
3292,3
3295,3
3293,3
3323,3
3346,3
3352,3
3359,3
3379,3
3383,3
3328,3
3388,3
3396,3
3410,3
3412,3
3435,3
3433,3
3441,3
3448,3
3392,3
3455,3
3456,3
3473,3
3300,3
3486,3
3492,3
3493,3
3501,3
3509,3
3520,3
3521,3
3540,3
3548,3
3553,3
3554,3
3557,3
3558,3
3561,3
3564,3
3566,3
3567,3
3568,3
3569,3
3570,3
3573,3
3585,3
3596,3
3592,3
3615,3
3623,3
3626,3
3632,3
3519,3
3582,3
3695,3
3696,3
3718,3
3736,3
3768,3
3796,3
3808,3
3823,3
3832,3
3844,3
3845,3
3852,3
3816,3
3865,3
3879,3
3821,3
3914,3
3924,3
3925,3
3995,3
3479,3
4005,3
4008,3
4022,3
4042,3
4055,3
4058,3
3831,3
3909,3
4090,3
4128,3
4145,3
4152,3
4175,3
4103,3
4196,3
4219,3
4227,3
4264,3
4265,3
4176,3
4275,3
4277,3
4278,3
4280,3
4296,3
4247,3
4316,3
4328,3
4335,3
4336,3
4356,3
4366,3
4384,3
4393,3
4397,3
4413,3
4415,3
4417,3
4420,3
4440,3
4443,3
4444,3
4430,3
4449,3
4454,3
4455,3
4457,3
4460,3
4466,3
4474,3
4492,3
4495,3
4506,3
4514,3
4534,3
4535,3
4539,3
4529,3
4538,3
4568,3
4578,3
4582,3
4588,3
4593,3
4596,3
4566,3
4606,3
4613,3
4630,3
4641,3
4651,3
4656,3
4674,3
4697,3
4699,3
4610,3
4516,3
4741,3
4742,3
4740,3
4758,3
4759,3
4761,3
4773,3
4778,3
4719,3
4724,3
4802,3
4824,3
4832,3
4835,3
4839,3
4855,3
4858,3
4859,3
4615,3
4879,3
4882,3
4887,3
4918,3
4934,3
4957,3
4967,3
4977,3
4997,3
5009,3
5014,3
5030,3
5034,3
5036,3
5044,3
5045,3
5052,3
5073,3
5076,3
5129,3
5138,3
5141,3
5142,3
5143,3
5149,3
5159,3
5199,3
5205,3
5206,3
5216,3
5234,3
5238,3
5240,3
5245,3
5267,3
5275,3
5287,3
5297,3
5305,3
5310,3
5345,3
5339,3
5346,3
5352,3
5360,3
5366,3
5368,3
5383,3
5415,3
5428,3
5465,3
5483,3
5485,3
5492,3
5505,3
5512,3
5516,3
5522,3
5527,3
5531,3
5533,3
5536,3
5556,3
5574,3
5507,3
5604,3
5571,3
5618,3
5630,3
5634,3
5632,3
5640,3
5650,3
5700,3
5704,3
5715,3
5754,3
5764,3
5839,3
5831,3
5851,3
5859,3
5882,3
5883,3
5884,3
5896,3
5900,3
5947,3
5950,3
5951,3
5958,3
3992,3
5956,3
31,2
47,2
53,2
87,2
89,2
105,2
107,2
122,2
133,2
137,2
138,2
157,2
162,2
165,2
169,2
185,2
188,2
193,2
211,2
218,2
208,2
255,2
258,2
263,2
264,2
271,2
275,2
277,2
279,2
286,2
292,2
299,2
307,2
314,2
315,2
352,2
360,2
358,2
371,2
389,2
407,2
414,2
435,2
438,2
440,2
444,2
431,2
451,2
457,2
458,2
466,2
470,2
487,2
503,2
331,2
510,2
513,2
515,2
519,2
525,2
527,2
544,2
549,2
553,2
555,2
556,2
560,2
562,2
551,2
572,2
581,2
582,2
589,2
595,2
614,2
619,2
629,2
637,2
638,2
639,2
649,2
660,2
663,2
574,2
659,2
665,2
670,2
674,2
676,2
677,2
669,2
686,2
690,2
692,2
695,2
696,2
699,2
702,2
720,2
727,2
728,2
741,2
748,2
751,2
756,2
764,2
773,2
774,2
778,2
790,2
815,2
817,2
819,2
826,2
828,2
829,2
833,2
837,2
839,2
844,2
845,2
849,2
850,2
854,2
857,2
863,2
865,2
869,2
873,2
874,2
876,2
877,2
879,2
880,2
886,2
891,2
897,2
898,2
930,2
934,2
938,2
939,2
940,2
942,2
946,2
889,2
932,2
960,2
968,2
973,2
977,2
980,2
981,2
986,2
987,2
991,2
1004,2
1006,2
1012,2
1022,2
1023,2
1024,2
1025,2
1030,2
1042,2
1045,2
1051,2
1054,2
1055,2
1056,2
1057,2
1060,2
1069,2
1076,2
1093,2
1099,2
1106,2
1114,2
1116,2
1121,2
1132,2
1141,2
1142,2
1144,2
1067,2
945,2
1164,2
1170,2
1180,2
1181,2
1186,2
1187,2
1193,2
1197,2
1183,2
1199,2
1205,2
1206,2
1209,2
1213,2
1214,2
1218,2
1220,2
1223,2
1225,2
1229,2
1238,2
1241,2
1247,2
1249,2
1251,2
1253,2
1236,2
1264,2
1266,2
1279,2
1282,2
1131,2
1288,2
1291,2
1293,2
1296,2
1300,2
1307,2
1324,2
1329,2
1115,2
1337,2
1344,2
1346,2
1356,2
1359,2
1371,2
1385,2
1391,2
1392,2
1410,2
1411,2
1415,2
1420,2
1421,2
1432,2
1441,2
1444,2
1446,2
1457,2
1461,2
1468,2
1476,2
1479,2
1496,2
1500,2
1506,2
1511,2
1519,2
1522,2
1524,2
1531,2
1533,2
1542,2
1570,2
1572,2
1573,2
1575,2
1582,2
1586,2
1587,2
1597,2
1598,2
1600,2
1608,2
1610,2
1607,2
1515,2
1619,2
1621,2
1623,2
1625,2
1633,2
1635,2
1637,2
1642,2
1660,2
1630,2
1668,2
1673,2
1667,2
1687,2
1688,2
1703,2
1721,2
1724,2
1728,2
1738,2
1740,2
1741,2
1758,2
1763,2
1767,2
1776,2
1722,2
1780,2
1782,2
1786,2
1789,2
1798,2
1680,2
1823,2
1827,2
1793,2
1837,2
1847,2
1848,2
1857,2
1861,2
1862,2
1867,2
1871,2
1884,2
1898,2
1901,2
1902,2
1906,2
1909,2
1913,2
1931,2
1930,2
1942,2
1943,2
1945,2
1949,2
1958,2
1959,2
1960,2
1968,2
1970,2
1974,2
1982,2
2011,2
2032,2
2035,2
2047,2
2051,2
2057,2
2058,2
2059,2
2062,2
2068,2
2088,2
2099,2
2100,2
2106,2
2108,2
2114,2
2117,2
2129,2
2136,2
2138,2
2140,2
2145,2
2147,2
2149,2
2152,2
2157,2
2154,2
2160,2
2162,2
2171,2
2180,2
2200,2
2211,2
2213,2
2227,2
2245,2
2271,2
2272,2
2282,2
2287,2
2288,2
2326,2
2331,2
2348,2
2356,2
2369,2
2373,2
2379,2
2380,2
2383,2
2385,2
2390,2
2391,2
2393,2
2400,2
2350,2
2406,2
2421,2
2428,2
2403,2
2433,2
2443,2
2446,2
2453,2
2454,2
2448,2
2463,2
2466,2
2473,2
2442,2
2483,2
2489,2
2499,2
2502,2
2507,2
2511,2
2513,2
2517,2
2518,2
2523,2
2355,2
2546,2
2555,2
2562,2
2576,2
2578,2
2564,2
2584,2
2587,2
2604,2
2617,2
2624,2
2626,2
2634,2
2648,2
2655,2
2660,2
2662,2
2663,2
2673,2
2697,2
2698,2
2706,2
2707,2
2708,2
2709,2
2713,2
2599,2
2736,2
2739,2
2740,2
2753,2
2766,2
2768,2
2769,2
2774,2
2779,2
2799,2
2800,2
2802,2
2804,2
645,2
2796,2
2806,2
2807,2
2813,2
2815,2
2818,2
2844,2
2858,2
2862,2
2865,2
2870,2
2871,2
2872,2
2873,2
2884,2
2885,2
2886,2
2888,2
2893,2
2894,2
2895,2
2904,2
2905,2
2908,2
2909,2
2911,2
2923,2
2922,2
2925,2
2926,2
2847,2
2939,2
2656,2
2953,2
2955,2
2960,2
2970,2
2971,2
2976,2
2980,2
2982,2
2998,2
3008,2
3021,2
3031,2
3035,2
3041,2
3065,2
3066,2
3067,2
3077,2
3078,2
3082,2
3084,2
3056,2
3085,2
3092,2
3102,2
3111,2
3116,2
3123,2
3145,2
3137,2
3163,2
3166,2
3171,2
3173,2
3175,2
3178,2
3183,2
3184,2
3191,2
3024,2
3199,2
3202,2
3203,2
3206,2
3210,2
3220,2
3226,2
3227,2
3230,2
3043,2
3241,2
3248,2
3255,2
3261,2
3262,2
3264,2
3265,2
3267,2
3275,2
3276,2
3277,2
2913,2
3072,2
3297,2
3298,2
3299,2
3304,2
3313,2
3310,2
3315,2
3318,2
3320,2
3329,2
3336,2
3337,2
3338,2
3343,2
3348,2
3354,2
3355,2
3369,2
3371,2
3373,2
3382,2
3370,2
3384,2
3376,2
3399,2
3406,2
3421,2
3428,2
3438,2
3439,2
2652,2
3442,2
3311,2
3458,2
3464,2
3474,2
3472,2
3477,2
3478,2
3483,2
3143,2
3494,2
3454,2
3503,2
3302,2
3508,2
3514,2
3517,2
3524,2
3541,2
3496,2
3551,2
3555,2
3560,2
3577,2
3584,2
3586,2
3588,2
3580,2
3591,2
3605,2
3618,2
3619,2
3645,2
3650,2
3659,2
3661,2
3535,2
3663,2
3664,2
3667,2
3668,2
3671,2
3670,2
3677,2
3679,2
3681,2
3683,2
3694,2
3720,2
3729,2
3730,2
3731,2
3739,2
3740,2
3749,2
3758,2
3761,2
3784,2
3799,2
3802,2
3814,2
3806,2
3817,2
3825,2
3829,2
3838,2
3843,2
3849,2
3860,2
3861,2
3863,2
3748,2
3871,2
3873,2
3888,2
3902,2
3917,2
3927,2
3862,2
3866,2
3974,2
3991,2
3952,2
3993,2
3996,2
3999,2
4000,2
4001,2
4003,2
4014,2
4016,2
4025,2
4033,2
4030,2
4044,2
4047,2
4048,2
4049,2
4052,2
4053,2
4057,2
4064,2
4065,2
4067,2
4080,2
3827,2
4089,2
3101,2
4092,2
4101,2
3948,2
4110,2
4116,2
4126,2
4133,2
4134,2
4137,2
4138,2
4140,2
4149,2
4151,2
4155,2
4157,2
4162,2
3711,2
4178,2
4185,2
4192,2
4201,2
4202,2
4212,2
4229,2
4230,2
4167,2
4237,2
4245,2
4246,2
4270,2
4276,2
4289,2
4317,2
4326,2
4348,2
4351,2
4355,2
4362,2
4364,2
4359,2
4383,2
4388,2
4391,2
4380,2
4394,2
4395,2
4399,2
4401,2
4404,2
4407,2
4412,2
4418,2
4435,2
4437,2
4463,2
4477,2
4479,2
4480,2
4483,2
4486,2
4501,2
4502,2
4505,2
4507,2
4527,2
4528,2
4537,2
4541,2
4544,2
4545,2
4548,2
4549,2
4555,2
4557,2
4574,2
4536,2
4583,2
4591,2
4600,2
4558,2
4621,2
4624,2
4636,2
4643,2
4644,2
4647,2
4655,2
4665,2
4702,2
4703,2
4706,2
3425,2
4728,2
4736,2
4755,2
4760,2
4770,2
4767,2
4775,2
4776,2
4338,2
4714,2
3960,2
3956,2
4717,2
4789,2
4790,2
4792,2
4777,2
4796,2
4804,2
4810,2
4818,2
4823,2
4825,2
4829,2
4837,2
4846,2
4847,2
4853,2
4866,2
4869,2
4871,2
4880,2
4881,2
4892,2
4896,2
4904,2
4905,2
4915,2
4920,2
4924,2
4926,2
4928,2
4930,2
4931,2
4933,2
4935,2
4940,2
4943,2
4949,2
4952,2
4955,2
4958,2
4963,2
4966,2
4960,2
4982,2
4990,2
4999,2
5003,2
5012,2
5015,2
5016,2
5033,2
5054,2
5063,2
5074,2
5081,2
5088,2
5093,2
5094,2
5096,2
5097,2
5098,2
5100,2
5119,2
5120,2
5121,2
5123,2
5132,2
5144,2
5147,2
5150,2
5153,2
5156,2
5160,2
5161,2
5164,2
5185,2
5207,2
5218,2
5219,2
5226,2
5236,2
5243,2
5250,2
5221,2
5257,2
5260,2
5263,2
5270,2
5283,2
5285,2
5288,2
5315,2
5338,2
5309,2
5344,2
5358,2
5359,2
5373,2
5374,2
5375,2
5376,2
5377,2
5378,2
5379,2
5380,2
5381,2
5382,2
5390,2
5394,2
5395,2
5404,2
5414,2
5417,2
5420,2
5421,2
5422,2
5427,2
5429,2
5433,2
5435,2
5446,2
5448,2
5469,2
5477,2
5488,2
5490,2
5504,2
5513,2
5514,2
5532,2
5534,2
5552,2
5555,2
5581,2
5582,2
5583,2
5598,2
5616,2
5622,2
5633,2
5638,2
5658,2
5665,2
5674,2
5676,2
5680,2
5686,2
5687,2
5677,2
5709,2
5711,2
5718,2
5726,2
5736,2
5738,2
5743,2
5746,2
5749,2
5750,2
5753,2
5776,2
5781,2
5788,2
5791,2
5796,2
5800,2
5803,2
5807,2
5814,2
5818,2
5828,2
5829,2
5832,2
5836,2
5846,2
5847,2
5854,2
5869,2
5871,2
5872,2
5873,2
5874,2
5875,2
5876,2
5886,2
5902,2
5903,2
5914,2
5920,2
5925,2
5929,2
5935,2
5939,2
5945,2
5948,2
5978,2
5985,2
5994,2
16,1
46,1
52,1
55,1
65,1
66,1
71,1
74,1
79,1
83,1
86,1
94,1
99,1
103,1
106,1
116,1
131,1
140,1
145,1
154,1
168,1
170,1
172,1
175,1
182,1
187,1
190,1
195,1
196,1
205,1
210,1
213,1
220,1
232,1
237,1
247,1
252,1
253,1
267,1
281,1
287,1
290,1
291,1
294,1
302,1
303,1
305,1
306,1
311,1
323,1
326,1
327,1
329,1
334,1
338,1
289,1
349,1
336,1
354,1
355,1
367,1
368,1
370,1
379,1
382,1
385,1
388,1
391,1
400,1
403,1
333,1
341,1
429,1
430,1
434,1
442,1
445,1
450,1
456,1
471,1
473,1
369,1
376,1
373,1
420,1
398,1
482,1
483,1
485,1
504,1
505,1
511,1
422,1
337,1
381,1
362,1
524,1
364,1
413,1
529,1
531,1
541,1
335,1
543,1
426,1
552,1
565,1
575,1
474,1
528,1
580,1
584,1
343,1
596,1
599,1
600,1
601,1
602,1
603,1
604,1
607,1
609,1
611,1
612,1
613,1
615,1
618,1
622,1
624,1
631,1
636,1
344,1
648,1
662,1
668,1
671,1
675,1
679,1
682,1
684,1
693,1
694,1
683,1
646,1
698,1
706,1
704,1
711,1
712,1
717,1
719,1
721,1
723,1
731,1
736,1
737,1
738,1
739,1
740,1
745,1
746,1
747,1
749,1
750,1
752,1
754,1
758,1
759,1
761,1
657,1
765,1
766,1
772,1
783,1
785,1
789,1
796,1
797,1
800,1
803,1
806,1
808,1
809,1
810,1
813,1
814,1
816,1
821,1
9,1
831,1
836,1
840,1
843,1
848,1
852,1
855,1
858,1
859,1
860,1
771,1
868,1
878,1
883,1
884,1
887,1
888,1
890,1
893,1
895,1
901,1
909,1
914,1
916,1
918,1
919,1
924,1
933,1
936,1
944,1
947,1
949,1
951,1
952,1
955,1
956,1
964,1
966,1
965,1
969,1
825,1
970,1
971,1
974,1
976,1
979,1
983,1
985,1
989,1
990,1
993,1
996,1
999,1
1000,1
1002,1
1003,1
998,1
1007,1
1015,1
1016,1
1017,1
807,1
1027,1
1029,1
1031,1
1032,1
1033,1
1035,1
1038,1
1039,1
1041,1
1047,1
1049,1
1058,1
1059,1
1061,1
992,1
1070,1
1071,1
1075,1
1077,1
1079,1
1080,1
1081,1
1082,1
1083,1
1085,1
1086,1
1087,1
1088,1
1089,1
1072,1
1091,1
1097,1
881,1
1101,1
1102,1
1103,1
1108,1
461,1
1109,1
1111,1
1117,1
1118,1
1120,1
1122,1
1123,1
1124,1
1125,1
1126,1
1136,1
1137,1
1138,1
1146,1
1135,1
1148,1
1149,1
1150,1
1151,1
1152,1
1153,1
1155,1
1156,1
1157,1
1158,1
1160,1
1161,1
1163,1
1167,1
1171,1
1172,1
1173,1
1175,1
1177,1
1178,1
1182,1
1169,1
1184,1
1188,1
1189,1
1194,1
1195,1
1208,1
1210,1
1211,1
1212,1
1215,1
1216,1
1221,1
1224,1
1228,1
1232,1
1233,1
1234,1
1235,1
1240,1
1246,1
1248,1
1250,1
1254,1
1255,1
1256,1
1259,1
1261,1
1265,1
1273,1
1274,1
1276,1
1278,1
1280,1
1283,1
1284,1
713,1
1285,1
1287,1
1294,1
1297,1
1298,1
1304,1
1305,1
1306,1
1309,1
1311,1
1303,1
1313,1
1314,1
1321,1
1323,1
1326,1
1330,1
1333,1
1335,1
1336,1
1341,1
1343,1
1347,1
1350,1
1351,1
1355,1
1360,1
1361,1
1364,1
1365,1
1367,1
1372,1
1373,1
1374,1
1378,1
1380,1
1381,1
1382,1
1387,1
1388,1
1390,1
1395,1
1397,1
1399,1
1405,1
1407,1
1408,1
1409,1
1414,1
1416,1
1418,1
1419,1
1423,1
1424,1
1425,1
1427,1
1428,1
1429,1
1430,1
1431,1
1433,1
1434,1
1435,1
1440,1
1203,1
1445,1
1448,1
1449,1
1450,1
1452,1
1454,1
1455,1
1459,1
1460,1
1466,1
1467,1
1470,1
1472,1
1474,1
1481,1
1483,1
1484,1
1488,1
1489,1
1491,1
1493,1
1494,1
1495,1
1497,1
1498,1
1501,1
1503,1
1505,1
1509,1
1514,1
1523,1
1516,1
1530,1
1532,1
1534,1
1536,1
1537,1
1538,1
1540,1
1545,1
1547,1
1549,1
1551,1
1552,1
1553,1
1558,1
1559,1
1560,1
1561,1
1564,1
1569,1
1571,1
1567,1
1577,1
1578,1
1580,1
1581,1
1588,1
1589,1
1590,1
1594,1
1599,1
1601,1
1602,1
1603,1
1604,1
1606,1
1613,1
1614,1
1617,1
1622,1
1592,1
1627,1
1631,1
1632,1
1640,1
1641,1
1643,1
1646,1
1659,1
1661,1
1663,1
1671,1
1649,1
1678,1
1679,1
1658,1
1681,1
1682,1
1683,1
1684,1
1691,1
1694,1
1696,1
1698,1
1699,1
1706,1
1707,1
1708,1
1709,1
1710,1
1705,1
1716,1
1718,1
1717,1
1723,1
1729,1
1732,1
1734,1
1737,1
1739,1
1742,1
1711,1
1748,1
1749,1
1759,1
1695,1
1760,1
1745,1
1761,1
1766,1
1768,1
1770,1
1777,1
1730,1
1787,1
1791,1
1796,1
1801,1
1795,1
1805,1
1807,1
1812,1
1813,1
1816,1
1818,1
1821,1
1822,1
1824,1
1825,1
1828,1
1830,1
1831,1
1835,1
1836,1
1841,1
1852,1
1854,1
1858,1
1863,1
1865,1
1866,1
1868,1
1869,1
1870,1
1874,1
1875,1
1881,1
1882,1
1883,1
1887,1
1891,1
1895,1
1897,1
1903,1
1904,1
1908,1
1910,1
1914,1
1924,1
1925,1
1926,1
1927,1
1928,1
1929,1
1932,1
1935,1
1941,1
1950,1
1952,1
1961,1
1963,1
1965,1
1969,1
1783,1
1979,1
1983,1
1985,1
1980,1
1987,1
1995,1
1999,1
2001,1
2005,1
2007,1
2008,1
2010,1
2015,1
2009,1
2021,1
2023,1
2024,1
2025,1
2026,1
2027,1
2029,1
2031,1
2036,1
2037,1
2038,1
2039,1
2041,1
2055,1
2060,1
2061,1
2066,1
2069,1
2074,1
2078,1
2077,1
2082,1
2084,1
2086,1
2092,1
2094,1
1485,1
2101,1
2105,1
2107,1
2109,1
2111,1
2112,1
2116,1
2126,1
2130,1
2133,1
2137,1
2150,1
2151,1
2153,1
2156,1
2161,1
2163,1
2168,1
2169,1
2170,1
2172,1
2177,1
2179,1
2182,1
2184,1
2185,1
2186,1
2190,1
2191,1
2196,1
2197,1
2203,1
2206,1
2207,1
2209,1
2210,1
2215,1
2216,1
2218,1
2220,1
2193,1
2222,1
2223,1
2225,1
2226,1
2228,1
2232,1
2234,1
2236,1
2237,1
2239,1
2240,1
2238,1
2247,1
2248,1
2250,1
2253,1
2254,1
2263,1
2264,1
2267,1
2270,1
2278,1
2279,1
2280,1
2283,1
2286,1
2290,1
2295,1
2298,1
2300,1
2301,1
2302,1
2285,1
2308,1
2314,1
2320,1
2321,1
2323,1
2324,1
2327,1
2330,1
2335,1
2338,1
2339,1
2340,1
2345,1
2353,1
2357,1
2358,1
2360,1
2366,1
2368,1
2372,1
2374,1
2375,1
2242,1
2381,1
2382,1
2384,1
2394,1
2395,1
2362,1
2401,1
2414,1
2417,1
2422,1
2423,1
2425,1
2426,1
2354,1
2432,1
2436,1
2439,1
2440,1
2445,1
2450,1
2451,1
2452,1
2458,1
2459,1
2460,1
2461,1
2462,1
2456,1
2418,1
2468,1
2469,1
2474,1
2477,1
2478,1
2479,1
2481,1
2482,1
2488,1
2490,1
2492,1
2493,1
2273,1
2497,1
2500,1
2504,1
2506,1
2508,1
2509,1
2515,1
2519,1
2347,1
2527,1
2528,1
2533,1
2534,1
2547,1
2551,1
2553,1
2557,1
2559,1
2575,1
2577,1
2579,1
2376,1
2586,1
2591,1
2595,1
2596,1
2530,1
2608,1
2611,1
2613,1
2615,1
2616,1
2619,1
2620,1
2627,1
2637,1
2638,1
2641,1
2329,1
2643,1
2645,1
2649,1
2651,1
2653,1
2659,1
2664,1
2667,1
2685,1
2687,1
1781,1
2696,1
2715,1
2719,1
2727,1
2729,1
2734,1
2743,1
2748,1
2750,1
2756,1
2760,1
2765,1
2771,1
2773,1
2776,1
2783,1
2786,1
2790,1
2791,1
2792,1
2793,1
2797,1
2798,1
2810,1
2814,1
2816,1
2820,1
2824,1
2827,1
2785,1
2832,1
2833,1
2830,1
2834,1
2836,1
2843,1
2841,1
2826,1
2846,1
2794,1
2831,1
2849,1
2850,1
2853,1
2856,1
2855,1
2854,1
2863,1
2864,1
2869,1
2882,1
2883,1
2900,1
2912,1
2914,1
2917,1
2920,1
2921,1
2924,1
2927,1
2930,1
2932,1
2935,1
2936,1
2938,1
2941,1
2946,1
2947,1
2931,1
2956,1
2959,1
2965,1
2968,1
1975,1
2972,1
2974,1
2899,1
2975,1
2978,1
2983,1
2984,1
2985,1
2986,1
2988,1
2989,1
2990,1
2991,1
2994,1
2995,1
2997,1
2999,1
2996,1
3009,1
3010,1
3011,1
3012,1
3017,1
2183,1
3022,1
3026,1
3028,1
3030,1
3034,1
3038,1
3046,1
3048,1
3049,1
3051,1
3052,1
3053,1
3055,1
3058,1
2949,1
3064,1
3068,1
3070,1
3069,1
3073,1
3075,1
3071,1
3080,1
3081,1
3083,1
3088,1
3089,1
3090,1
2890,1
3094,1
3095,1
3097,1
3098,1
3079,1
3108,1
3109,1
3112,1
3114,1
3115,1
3117,1
3118,1
3124,1
3125,1
3128,1
3132,1
3138,1
3139,1
3141,1
3147,1
3149,1
3150,1
3151,1
3144,1
3154,1
3156,1
3157,1
3158,1
3121,1
3159,1
3164,1
3162,1
3167,1
3169,1
2759,1
3174,1
3176,1
3177,1
3179,1
3180,1
3181,1
3187,1
3188,1
3192,1
3200,1
3201,1
2526,1
3205,1
3212,1
3213,1
3215,1
3061,1
3216,1
3218,1
3222,1
3224,1
3228,1
3232,1
3234,1
3235,1
3238,1
3240,1
3243,1
3244,1
3032,1
3245,1
3249,1
3253,1
3263,1
2465,1
3266,1
3271,1
3042,1
3279,1
3135,1
3280,1
3281,1
3282,1
3284,1
3286,1
3289,1
3290,1
3291,1
3294,1
3301,1
3091,1
3303,1
3305,1
3306,1
3307,1
3308,1
3312,1
3322,1
3324,1
3325,1
3331,1
3332,1
3334,1
3340,1
3344,1
3351,1
3358,1
3360,1
3362,1
3364,1
3365,1
3368,1
3372,1
3375,1
3386,1
3387,1
3390,1
3393,1
3395,1
3288,1
3398,1
3400,1
3401,1
3403,1
3407,1
3409,1
3411,1
2902,1
3416,1
3418,1
3419,1
3420,1
3423,1
3424,1
3426,1
3430,1
3431,1
3432,1
3434,1
3437,1
3170,1
3440,1
3443,1
3446,1
3447,1
3457,1
3460,1
3467,1
3468,1
3469,1
3471,1
3247,1
3480,1
3482,1
3484,1
3485,1
3491,1
3495,1
3497,1
3499,1
3502,1
3505,1
3507,1
3518,1
3523,1
3525,1
3415,1
3529,1
3532,1
3536,1
3537,1
3542,1
3546,1
3100,1
3550,1
3559,1
3516,1
3126,1
3575,1
3576,1
3579,1
2019,1
3587,1
3544,1
3589,1
3594,1
3599,1
3601,1
3602,1
3604,1
3606,1
3607,1
3608,1
3612,1
3613,1
3614,1
3616,1
3617,1
3622,1
3625,1
3627,1
3631,1
3633,1
3634,1
3635,1
3636,1
3637,1
3639,1
3643,1
3644,1
3647,1
3652,1
3654,1
3657,1
3658,1
3662,1
3672,1
3673,1
3674,1
3675,1
3676,1
3678,1
3680,1
3684,1
3685,1
3686,1
3687,1
3688,1
3690,1
3691,1
3692,1
3693,1
2907,1
3698,1
3700,1
3595,1
3701,1
3702,1
3074,1
3705,1
3706,1
3708,1
3709,1
3710,1
3712,1
3716,1
3717,1
3721,1
3726,1
3727,1
3728,1
3732,1
3733,1
3737,1
3741,1
3742,1
3745,1
3747,1
3751,1
3752,1
3753,1
3754,1
3755,1
3762,1
3763,1
3770,1
3771,1
3773,1
3774,1
3775,1
3777,1
3778,1
3779,1
3782,1
3805,1
3780,1
3811,1
3812,1
3818,1
3819,1
3822,1
3835,1
3836,1
3839,1
3840,1
3842,1
3848,1
3853,1
3855,1
3858,1
3859,1
3867,1
3868,1
3834,1
3870,1
2954,1
3874,1
3876,1
3877,1
3881,1
3882,1
3883,1
3886,1
3889,1
3890,1
3891,1
3895,1
3896,1
3899,1
3900,1
3905,1
3906,1
3907,1
3908,1
3911,1
3912,1
3913,1
3894,1
3920,1
3929,1
3134,1
3931,1
3932,1
3256,1
3938,1
3940,1
3944,1
3945,1
3950,1
3951,1
3953,1
3955,1
3958,1
3959,1
3967,1
3968,1
3970,1
3973,1
3975,1
3977,1
3978,1
3979,1
3983,1
3984,1
3985,1
3987,1
3997,1
3998,1
4006,1
4010,1
4012,1
3994,1
4013,1
4015,1
4018,1
4019,1
3651,1
4020,1
4023,1
4028,1
4029,1
4034,1
4037,1
4039,1
4040,1
4041,1
4043,1
4045,1
4046,1
4050,1
4051,1
4054,1
4056,1
4059,1
4061,1
4062,1
4063,1
4066,1
3936,1
3942,1
3943,1
4069,1
4070,1
3131,1
4071,1
4072,1
3130,1
4077,1
4079,1
4081,1
4082,1
4083,1
4085,1
4087,1
4091,1
4093,1
4094,1
4095,1
4096,1
4099,1
4100,1
4102,1
4104,1
4106,1
4108,1
4109,1
3096,1
4111,1
4112,1
4117,1
4120,1
4121,1
4123,1
4127,1
4129,1
4130,1
4132,1
4142,1
4143,1
4144,1
4141,1
4146,1
4147,1
4148,1
4150,1
4153,1
4154,1
4156,1
4160,1
4161,1
4165,1
4168,1
4170,1
4171,1
4173,1
4177,1
4180,1
4182,1
4183,1
4186,1
4187,1
4191,1
4190,1
4199,1
4200,1
4166,1
4208,1
4215,1
4216,1
4218,1
4220,1
4221,1
3921,1
4224,1
4226,1
4232,1
4225,1
4234,1
4239,1
4240,1
4241,1
4242,1
4243,1
4250,1
4255,1
4256,1
4257,1
4259,1
4261,1
4262,1
4263,1
4268,1
4271,1
4282,1
4286,1
4292,1
4293,1
4294,1
4298,1
4299,1
4303,1
4305,1
4306,1
4307,1
4309,1
4310,1
4311,1
4312,1
4313,1
4314,1
4318,1
4319,1
4321,1
4323,1
4324,1
4327,1
4329,1
4333,1
4342,1
4207,1
4343,1
4344,1
4345,1
4346,1
4347,1
4349,1
4352,1
4367,1
4368,1
4369,1
4371,1
4372,1
4373,1
4248,1
4374,1
4376,1
4377,1
4378,1
4386,1
4387,1
4390,1
4396,1
4403,1
4408,1
4410,1
4414,1
4422,1
4425,1
4426,1
4428,1
4429,1
4433,1
4436,1
4438,1
4441,1
4442,1
4445,1
4446,1
4447,1
4448,1
4451,1
4453,1
4456,1
4464,1
4465,1
4468,1
4469,1
4470,1
4471,1
4472,1
4473,1
4475,1
4476,1
4481,1
4484,1
4485,1
4488,1
4491,1
4494,1
4497,1
4496,1
4498,1
4503,1
4508,1
4509,1
4512,1
4513,1
4517,1
4520,1
4526,1
4533,1
4542,1
4547,1
4550,1
4552,1
4560,1
4564,1
4567,1
4572,1
4576,1
4577,1
4580,1
4581,1
4585,1
4586,1
4589,1
4602,1
4607,1
4612,1
4617,1
4619,1
4620,1
4623,1
4626,1
4627,1
4628,1
4629,1
4631,1
4633,1
4634,1
4639,1
4640,1
4652,1
4653,1
4657,1
4658,1
4660,1
4670,1
4671,1
4685,1
4690,1
4691,1
4692,1
4695,1
4696,1
4700,1
4704,1
4705,1
4730,1
4689,1
4734,1
4737,1
4738,1
4749,1
4750,1
4752,1
4754,1
4757,1
4763,1
4765,1
4766,1
4768,1
2413,1
4769,1
4772,1
4357,1
3969,1
4358,1
4710,1
3965,1
3964,1
3963,1
3133,1
3962,1
4711,1
4712,1
3961,1
4713,1
4715,1
4341,1
4716,1
3954,1
4781,1
4340,1
4782,1
4718,1
3949,1
4783,1
3947,1
4784,1
3946,1
4720,1
4785,1
4073,1
4721,1
4786,1
4722,1
3941,1
4068,1
3939,1
3937,1
3934,1
3933,1
4725,1
4726,1
4727,1
3930,1
4793,1
4794,1
4797,1
4798,1
4799,1
4801,1
4803,1
4805,1
4806,1
4807,1
4809,1
4813,1
4819,1
4820,1
4821,1
4826,1
4831,1
4834,1
4836,1
4842,1
4843,1
4845,1
4848,1
4849,1
4854,1
4856,1
4863,1
4864,1
4865,1
4868,1
4872,1
4873,1
4876,1
4877,1
4878,1
4822,1
4874,1
4885,1
4815,1
4891,1
4894,1
4895,1
4900,1
4901,1
4888,1
2003,1
4902,1
4903,1
4906,1
4908,1
4909,1
4910,1
4911,1
4912,1
4913,1
4914,1
4917,1
4923,1
4929,1
4936,1
4939,1
4941,1
4944,1
4946,1
4947,1
4948,1
4950,1
4951,1
4953,1
4954,1
4808,1
4889,1
4959,1
4961,1
4962,1
4964,1
4968,1
4972,1
4973,1
4974,1
4975,1
4976,1
4978,1
4971,1
4979,1
4981,1
4984,1
4985,1
4989,1
4992,1
4994,1
4998,1
5000,1
5001,1
5002,1
5004,1
5006,1
5008,1
5010,1
5011,1
5017,1
5018,1
5019,1
5022,1
5024,1
5026,1
5031,1
5032,1
5035,1
5040,1
5042,1
5020,1
5043,1
5047,1
5048,1
5049,1
5050,1
5053,1
5055,1
5051,1
5057,1
5058,1
5060,1
5061,1
5062,1
5077,1
5078,1
5082,1
5084,1
5085,1
5087,1
5038,1
5089,1
5090,1
5091,1
5092,1
5095,1
5099,1
5104,1
5105,1
5106,1
5108,1
5109,1
5110,1
5111,1
5112,1
5113,1
5083,1
5117,1
5118,1
5122,1
5124,1
5126,1
5127,1
5128,1
5130,1
5131,1
5133,1
5134,1
5135,1
5136,1
5137,1
5140,1
5145,1
5148,1
5152,1
5154,1
5158,1
5162,1
5163,1
5165,1
5166,1
5167,1
5168,1
5170,1
5171,1
5172,1
5173,1
5174,1
5169,1
5116,1
5114,1
5107,1
5176,1
5177,1
5178,1
5179,1
5181,1
5182,1
5183,1
5184,1
5187,1
5188,1
5190,1
5191,1
5194,1
5196,1
5208,1
5209,1
5210,1
5211,1
5214,1
5220,1
5222,1
5223,1
5225,1
5230,1
5232,1
5233,1
5241,1
5244,1
5229,1
5247,1
5248,1
5246,1
5252,1
5254,1
5256,1
5258,1
5261,1
5262,1
5264,1
5151,1
5265,1
5268,1
5271,1
5272,1
5273,1
5274,1
5276,1
5277,1
5278,1
5279,1
5281,1
5282,1
5284,1
5289,1
5290,1
5291,1
5292,1
5293,1
5295,1
5300,1
5301,1
5302,1
5303,1
5304,1
5307,1
5308,1
5306,1
5313,1
5314,1
5319,1
5320,1
5321,1
5322,1
5323,1
5324,1
5325,1
5326,1
5327,1
5328,1
5329,1
5330,1
5331,1
5332,1
5333,1
5334,1
5335,1
5336,1
5337,1
5340,1
5341,1
5342,1
5343,1
5348,1
5349,1
5350,1
5351,1
5354,1
5355,1
5356,1
5357,1
5361,1
5364,1
5365,1
5369,1
5370,1
5371,1
5372,1
5385,1
5388,1
5386,1
5387,1
5389,1
5391,1
5392,1
5393,1
5347,1
5399,1
5362,1
5400,1
5401,1
5402,1
5405,1
5406,1
5407,1
5409,1
5410,1
5412,1
5416,1
5419,1
5423,1
5424,1
5426,1
5430,1
5431,1
5418,1
5253,1
5436,1
5437,1
5425,1
5438,1
5434,1
5444,1
5445,1
5447,1
5451,1
5452,1
5453,1
5454,1
5455,1
5456,1
5459,1
5461,1
5463,1
5462,1
5464,1
5467,1
5468,1
5470,1
5311,1
5474,1
5486,1
5487,1
5491,1
5494,1
5495,1
4811,1
5496,1
5497,1
5498,1
5499,1
5500,1
5502,1
5503,1
5511,1
5517,1
5518,1
5519,1
5530,1
5537,1
5538,1
5542,1
5546,1
5547,1
5548,1
5549,1
5557,1
5558,1
5560,1
5561,1
5563,1
5564,1
5566,1
5567,1
5568,1
5573,1
5575,1
5579,1
5580,1
5585,1
5586,1
5587,1
5588,1
5589,1
5592,1
5593,1
5597,1
5599,1
5595,1
5601,1
5600,1
5603,1
5607,1
5615,1
5617,1
5626,1
5627,1
5639,1
5641,1
5644,1
5645,1
5646,1
5652,1
5653,1
5656,1
5657,1
5659,1
5660,1
5662,1
5663,1
5664,1
5666,1
5668,1
5669,1
5670,1
5672,1
5673,1
5675,1
5678,1
5679,1
5682,1
5683,1
5685,1
5642,1
5692,1
5694,1
5695,1
5698,1
5703,1
5699,1
5706,1
5705,1
5684,1
5545,1
5708,1
5710,1
5713,1
5714,1
5701,1
5717,1
5720,1
5721,1
5722,1
5723,1
5724,1
5725,1
5520,1
5737,1
5739,1
5740,1
5741,1
5742,1
5744,1
5702,1
5745,1
5747,1
5748,1
5752,1
5755,1
5756,1
5757,1
5761,1
5767,1
5768,1
5693,1
5770,1
5772,1
5773,1
5774,1
5681,1
5775,1
5778,1
5766,1
5779,1
5780,1
5782,1
5785,1
5786,1
5789,1
5790,1
5792,1
5795,1
5797,1
5798,1
5793,1
5802,1
5804,1
5805,1
5808,1
5809,1
5769,1
5810,1
5813,1
5815,1
5816,1
5819,1
5820,1
5823,1
5821,1
5824,1
5826,1
5830,1
5833,1
5835,1
5837,1
5838,1
5843,1
5844,1
5848,1
5849,1
5850,1
5853,1
5855,1
5817,1
5856,1
5857,1
5858,1
5860,1
5861,1
5862,1
5863,1
5864,1
5866,1
5867,1
5868,1
5870,1
5877,1
5878,1
5879,1
5880,1
5885,1
5887,1
5888,1
5891,1
5892,1
5889,1
5893,1
5894,1
5895,1
5897,1
5898,1
5899,1
5901,1
5890,1
5904,1
5907,1
5908,1
5906,1
5909,1
5910,1
5911,1
5912,1
5913,1
5915,1
5916,1
5918,1
5919,1
5922,1
5923,1
5924,1
5926,1
5927,1
5905,1
5930,1
5931,1
5932,1
5933,1
5934,1
5937,1
5938,1
5940,1
5941,1
5944,1
5946,1
5954,1
5957,1
5952,1
5959,1
5961,1
5962,1
5963,1
5953,1
5964,1
5966,1
5936,1
5967,1
5968,1
5970,1
5960,1
5972,1
5973,1
5974,1
5975,1
5976,1
5977,1
5979,1
5980,1
5981,1
5984,1
5986,1
5987,1
5988,1
5989,1
5990,1
5991,1
5993,1
5995,1
5996,1
5992,1
5997,1
5998,1
5999,1
6000,1
6002,1
6003,1
6004,1
6005,1
